501	115.2
502	116.5
503	115.5
504	116.8
505	116.9
506	115.6
507	116.6
508	115.3
509	115.5
510	116.6
511	115.5
512	117.2
513	115.8
514	117.7
515	116.5
516	117.8
517	115.3
518	117.9
519	118.1
520	115.5
521	115.7
522	117.3
523	116.5
524	115.6
525	115.7
526	116.1
527	115.9
528	115.2
529	118.0
530	118.5
531	117.8
532	118.5
533	115.2
534	116.3
535	116.3
536	118.4
537	116.8
538	115.4
539	115.2
540	117.5
541	119.0
542	115.2
543	116.1
544	115.4
545	116.3
546	115.2
547	116.5
548	115.5
549	117.7
550	117.0
551	115.1
552	118.1
553	117.3
554	117.2
555	119.1
556	116.8
557	116.9
558	115.9
559	115.4
560	116.6
561	116.4
562	116.2
563	116.8
564	115.1
565	120.4
566	115.9
567	117.5
568	116.4
569	115.2
570	115.1
571	116.5
572	116.2
573	116.0
574	116.7
575	115.6
576	116.3
577	115.0
578	117.4
579	115.4
580	116.9
581	116.2
582	115.7
583	115.5
584	118.5
585	116.3
586	115.5
587	118.3
588	116.2
589	116.1
590	115.9
591	115.6
592	115.4
593	118.3
594	115.4
595	118.9
596	115.2
597	115.2
598	115.3
599	116.0
600	115.8
601	115.8
602	116.4
603	116.5
604	119.0
605	116.7
606	115.9
607	116.2
608	115.9
609	115.5
610	115.0
611	116.2
612	116.0
613	118.1
614	115.9
615	118.3
616	115.1
617	115.0
618	116.7
619	117.4
620	116.5
621	115.5
622	116.6
623	115.8
624	115.4
625	117.2
626	117.3
627	116.2
628	115.9
629	118.2
630	117.1
631	115.1
632	116.4
633	115.0
634	118.0
635	116.2
636	116.1
637	115.7
638	116.2
639	117.3
640	117.9
641	115.0
642	115.3
643	115.7
644	117.1
645	116.1
646	117.2
647	115.5
648	119.0
649	115.3
650	115.3
651	115.8
652	118.2
653	115.7
654	116.2
655	116.8
656	115.4
657	115.3
658	115.4
659	116.9
660	116.8
661	117.7
662	117.9
663	118.0
664	115.4
665	117.0
666	116.8
667	117.3
668	115.7
669	116.0
670	116.5
671	116.4
672	115.2
673	115.9
674	116.9
675	116.3
676	118.0
677	116.3
678	116.2
679	115.7
680	115.0
681	115.2
682	119.4
683	115.9
684	116.0
685	116.8
686	115.6
687	115.4
688	115.4
689	116.8
690	115.3
691	116.0
692	115.4
693	115.9
694	116.3
695	115.7
696	119.2
697	116.9
698	116.4
699	115.6
700	118.7
701	115.2
702	117.5
703	117.1
704	115.9
705	115.4
706	115.8
707	115.8
708	115.5
709	117.5
710	119.6
711	119.0
712	115.7
713	117.3
714	115.9
715	115.9
716	115.3
717	117.1
718	116.0
719	116.9
720	117.3
721	116.1
722	115.2
723	115.9
724	118.6
725	116.3
726	117.0
727	118.0
728	116.7
729	115.0
730	116.9
731	116.8
732	115.6
733	118.2
734	115.3
735	117.7
736	116.9
737	118.7
738	118.4
739	118.5
740	117.5
741	115.4
742	115.0
743	116.4
744	115.8
745	115.2
746	117.3
747	116.4
748	116.1
749	118.2
750	115.8
751	115.2
752	116.1
753	117.3
754	116.7
755	116.2
756	117.5
757	116.2
758	115.2
759	116.0
760	115.3
761	116.2
762	115.6
763	115.0
764	118.0
765	115.9
766	116.4
767	118.1
768	117.9
769	116.1
770	115.7
771	116.0
772	116.2
773	115.1
774	116.3
775	115.0
776	116.7
777	117.3
778	116.4
779	118.4
780	116.5
781	116.1
782	116.5
783	117.1
784	116.9
785	115.5
786	115.2
787	116.9
788	117.4
789	115.2
790	116.7
791	116.9
792	116.3
793	116.2
794	118.0
795	115.6
796	115.0
797	116.3
798	118.6
799	116.5
800	119.4
801	117.2
802	115.8
803	116.6
804	117.1
805	116.0
806	117.3
807	115.0
808	115.8
809	117.0
810	116.2
811	115.2
812	115.4
813	116.1
814	117.2
815	117.6
816	116.7
817	115.4
818	117.2
819	115.3
820	119.3
821	116.5
822	118.2
823	116.3
824	118.5
825	117.1
826	115.4
827	116.3
828	116.0
829	117.3
830	115.6
831	117.4
832	115.7
833	118.0
834	115.5
835	117.0
836	116.5
837	118.6
838	115.8
839	116.6
840	118.3
841	116.8
842	115.3
843	117.2
844	115.3
845	116.0
846	116.1
847	115.0
848	115.1
849	116.8
850	115.4
851	116.3
852	115.2
853	115.9
854	116.6
855	115.8
856	116.6
857	116.8
858	115.6
859	115.5
860	115.7
861	117.7
862	115.4
863	115.6
864	117.3
865	115.7
866	116.7
867	115.4
868	118.5
869	116.9
870	115.4
871	117.1
872	117.2
873	115.8
874	116.8
875	116.0
876	115.4
877	116.6
878	116.4
879	115.4
880	115.7
881	118.6
882	115.6
883	117.1
884	116.7
885	115.3
886	119.1
887	115.4
888	115.2
889	116.4
890	115.5
891	117.1
892	115.0
893	115.6
894	116.3
895	115.2
896	117.3
897	116.4
898	115.8
899	115.8
900	115.5
901	116.1
902	117.1
903	115.9
904	115.6
905	116.0
906	115.0
907	116.4
908	117.1
909	115.4
910	115.1
911	118.8
912	115.5
913	117.0
914	116.4
915	118.1
916	115.0
917	115.0
918	118.0
919	116.2
920	115.7
921	115.8
922	115.6
923	115.7
924	117.6
925	115.0
926	115.3
927	115.8
928	116.7
929	115.3
930	118.6
931	116.0
932	116.4
933	116.4
934	115.9
935	121.2
936	117.2
937	115.3
938	116.2
939	117.5
940	115.5
941	115.7
942	118.6
943	115.5
944	118.8
945	116.8
946	116.0
947	115.3
948	116.5
949	117.0
950	116.2
951	117.1
952	115.3
953	117.8
954	115.4
955	115.2
956	116.6
957	116.7
958	117.4
959	115.4
960	116.1
961	115.5
962	115.7
963	115.8
964	116.4
965	116.2
966	117.4
967	115.5
968	115.7
969	116.4
970	116.1
971	115.3
972	117.5
973	118.6
974	115.7
975	117.0
976	115.7
977	116.7
978	116.6
979	115.1
980	120.8
981	115.0
982	115.8
983	117.3
984	116.6
985	117.0
986	117.1
987	120.3
988	115.5
989	116.4
990	117.3
991	115.3
992	116.3
993	116.3
994	115.7
995	115.2
996	117.6
997	116.4
998	116.0
999	115.1
1000	115.4
501	16.0
502	12.72
503	14.94
504	12.35
505	12.21
506	14.51
507	12.66
508	15.48
509	14.95
510	12.65
511	14.89
512	11.92
513	13.99
514	11.43
515	12.78
516	11.36
517	15.55
518	11.2
519	11.06
520	14.76
521	14.23
522	11.8
523	12.86
524	14.66
525	14.17
526	13.51
527	13.85
528	15.83
529	11.18
530	10.76
531	11.34
532	10.75
533	15.97
534	13.16
535	13.03
536	10.82
537	12.33
538	15.16
539	16.31
540	11.61
541	10.37
542	15.84
543	13.53
544	15.08
545	13.09
546	16.14
547	12.76
548	14.96
549	11.42
550	12.09
551	16.47
552	11.07
553	11.82
554	11.92
555	10.3
556	12.43
557	12.32
558	13.81
559	15.12
560	12.65
561	12.88
562	13.33
563	12.34
564	16.81
565	9.582
566	13.74
567	11.6
568	12.99
569	15.9
570	16.37
571	12.76
572	13.24
573	13.56
574	12.48
575	14.64
576	13.12
577	17.24
578	11.75
579	15.05
580	12.28
581	13.24
582	14.23
583	14.98
584	10.7
585	13.13
586	14.94
587	10.93
588	13.35
589	13.36
590	13.78
591	14.65
592	15.17
593	10.9
594	15.05
595	10.44
596	16.34
597	16.27
598	15.52
599	13.66
600	14.04
601	14.08
602	13.02
603	12.83
604	10.41
605	12.47
606	13.93
607	13.34
608	13.84
609	14.94
610	17.63
611	13.35
612	13.63
613	11.1
614	13.75
615	10.87
616	20.65
617	17.75
618	12.53
619	11.71
620	12.81
621	14.92
622	12.65
623	13.99
624	15.17
625	11.89
626	11.8
627	13.31
628	13.81
629	10.94
630	12.08
631	16.67
632	13.0
633	18.04
634	11.13
635	13.34
636	13.37
637	14.4
638	13.34
639	11.81
640	11.21
641	17.58
642	15.79
643	14.35
644	11.99
645	13.51
646	11.91
647	14.93
648	10.38
649	15.64
650	15.66
651	14.14
652	10.97
653	14.19
654	13.34
655	12.43
656	15.05
657	15.54
658	15.1
659	12.3
660	12.33
661	11.4
662	11.27
663	11.14
664	15.18
665	12.12
666	12.44
667	11.85
668	14.3
669	13.65
670	12.78
671	12.87
672	16.11
673	13.84
674	12.25
675	13.16
676	11.15
677	13.03
678	13.22
679	14.27
680	17.3
681	16.11
682	10.15
683	13.76
684	13.67
685	12.39
686	14.61
687	15.11
688	15.01
689	12.38
690	15.49
691	13.68
692	15.24
693	13.86
694	13.13
695	14.41
696	10.25
697	12.23
698	12.97
699	14.5
700	10.57
701	16.22
702	11.56
703	12.03
704	13.87
705	15.19
706	14.17
707	13.99
708	14.71
709	11.59
710	10.03
711	10.41
712	14.37
713	11.77
714	13.83
715	13.79
716	15.69
717	12.03
718	13.71
719	12.24
720	11.83
721	13.4
722	16.1
723	13.85
724	10.69
725	13.16
726	12.19
727	11.12
728	12.56
729	18.26
730	12.23
731	12.35
732	14.64
733	10.96
734	22.21
735	11.43
736	12.26
737	10.56
738	10.82
739	10.78
740	11.58
741	15.17
742	17.42
743	12.89
744	14.0
745	16.04
746	11.76
747	12.96
748	13.41
749	10.95
750	14.15
751	16.04
752	13.43
753	11.85
754	12.54
755	13.27
756	11.58
757	13.26
758	16.15
759	13.69
760	15.42
761	13.26
762	14.66
763	18.71
764	11.18
765	13.8
766	12.92
767	11.03
768	11.19
769	13.4
770	14.39
771	13.59
772	13.35
773	16.48
774	13.18
775	19.15
776	12.46
777	11.85
778	12.98
779	10.81
780	12.84
781	13.53
782	12.83
783	12.05
784	12.31
785	14.84
786	16.15
787	12.3
788	11.71
789	16.2
790	12.52
791	12.25
792	13.06
793	13.31
794	11.12
795	14.46
796	17.22
797	13.08
798	10.65
799	12.85
800	10.14
801	11.92
802	13.98
803	12.62
804	12.03
805	13.72
806	11.78
807	17.22
808	14.06
809	12.15
810	13.22
811	20.96
812	15.08
813	13.44
814	11.94
815	11.51
816	12.58
817	15.02
818	11.95
819	15.41
820	10.22
821	12.79
822	10.96
823	13.03
824	10.76
825	12.05
826	15.19
827	13.08
828	13.63
829	11.78
830	14.61
831	11.74
832	14.38
833	11.16
834	14.98
835	12.15
836	12.81
837	10.65
838	14.08
839	12.65
840	10.86
841	12.32
842	15.6
843	11.89
844	15.43
845	13.64
846	13.49
847	17.25
848	16.47
849	12.37
850	15.27
851	13.07
852	16.0
853	13.87
854	12.62
855	14.01
856	12.67
857	12.4
858	14.69
859	14.78
860	14.26
861	11.43
862	15.32
863	14.65
864	11.84
865	14.17
866	12.5
867	15.19
868	10.77
869	12.28
870	15.12
871	12.05
872	11.97
873	13.97
874	12.33
875	13.58
876	15.07
877	12.62
878	12.97
879	15.3
880	14.33
881	10.68
882	14.5
883	12.07
884	12.56
885	15.73
886	10.3
887	15.35
888	16.23
889	13.01
890	14.8
891	12.02
892	17.73
893	14.56
894	13.11
895	15.99
896	11.8
897	12.92
898	14.14
899	14.08
900	14.77
901	13.41
902	11.99
903	13.8
904	14.47
905	13.66
906	19.55
907	12.89
908	12.02
909	15.21
910	16.62
911	10.51
912	14.83
913	12.14
914	12.99
915	11.08
916	18.57
917	18.33
918	11.16
919	13.3
920	14.25
921	14.1
922	14.47
923	14.33
924	11.47
925	18.01
926	15.69
927	14.08
928	12.53
929	15.45
930	10.69
931	13.73
932	12.88
933	12.91
934	13.75
935	9.171
936	11.92
937	15.78
938	13.32
939	11.64
940	14.94
941	14.26
942	10.7
943	14.85
944	10.53
945	12.42
946	13.65
947	15.59
948	12.87
949	12.18
950	13.31
951	12.05
952	15.37
953	11.34
954	15.09
955	16.17
956	12.7
957	12.53
958	11.72
959	15.27
960	13.51
961	14.96
962	14.26
963	14.02
964	12.94
965	13.24
966	11.67
967	14.87
968	14.21
969	12.87
970	13.41
971	15.71
972	11.64
973	10.69
974	14.19
975	12.13
976	14.25
977	12.56
978	12.61
979	16.52
980	9.372
981	18.34
982	14.16
983	11.82
984	12.6
985	12.1
986	11.99
987	9.608
988	14.88
989	13.01
990	11.82
991	15.5
992	13.08
993	13.1
994	14.21
995	15.95
996	11.49
997	12.99
998	13.6
999	16.66
1000	15.13
