1251	-0.1258
1252	-0.0824
1253	-0.01623
1254	-0.1953
1255	-0.1013
1256	-0.1257
1257	-0.1257
1258	-0.1188
1259	-0.1734
1260	-0.1868
1261	-0.07749
1262	-0.1131
1263	-0.1131
1264	-0.1485
1265	-0.143
1266	-0.04928
1267	-0.1254
1268	-0.1038
1269	-0.03275
1270	-0.1257
1271	-0.131
1272	-0.0673
1273	-0.119
1274	-0.1148
1275	-0.1148
1276	-0.09105
1277	-0.1233
1278	-0.1275
1279	-0.1275
1280	-0.1275
1281	-0.08708
1282	-0.08418
1283	-0.1008
1284	-0.1008
1285	-0.1008
1286	-0.09641
1287	-0.1307
1288	-0.1307
1289	-0.1133
1290	-0.1133
1291	-0.1526
1292	-0.1228
1293	-0.1366
1294	-0.1462
1295	-0.103
1296	-0.0479
1297	-0.0479
1298	-0.0479
1299	-0.0479
1300	-0.0479
1301	-0.1439
1302	-0.1277
1303	-0.1277
1304	-0.1277
1305	-0.1308
1306	-0.1595
1307	-0.1595
1308	-0.112
1309	-0.1406
1310	-0.1406
1311	-0.04332
1312	-0.06432
1313	-0.1473
1314	-0.1473
1315	-0.107
1316	-0.1456
1317	-0.1456
1318	-0.09236
1319	-0.08987
1320	-0.1164
1321	-0.05229
1322	-0.1536
1323	-0.1921
1324	-0.1197
1325	-0.1672
1326	-0.09845
1327	-0.08404
1328	-0.1377
1329	-0.103
1330	-0.103
1331	-0.08524
1332	-0.08524
1333	-0.1535
1334	-0.1535
1335	-0.09457
1336	-0.09457
1337	-0.1108
1338	-0.05376
1339	-0.07516
1340	-0.07516
1341	-0.1261
1342	-0.1228
1343	-0.08538
1344	-0.06668
1345	-0.1538
1346	-0.1538
1347	-0.06756
1348	-0.1318
1349	-0.1318
1350	-0.1203
1351	-0.142
1352	-0.05586
1353	-0.04371
1354	-0.1243
1355	-0.1243
1356	-0.1243
1357	-0.1243
1358	-0.1243
1359	-0.1243
1360	-0.1243
1361	-0.1629
1362	-0.07775
1363	-0.07732
1364	-0.02216
1365	-0.1513
1366	-0.1429
1367	-0.05392
1368	-0.2471
1369	-0.1485
1370	0.04576
1371	-0.1363
1372	-0.1363
1373	-0.1363
1374	-0.1363
1375	-0.1716
1376	-0.1816
1377	-0.07361
1378	-0.04942
1379	-0.07838
1380	-0.07838
1381	-0.1273
1382	-0.1498
1383	-0.1498
1384	-0.1796
1385	-0.1796
1386	-0.1796
1387	-0.06062
1388	-0.1389
1389	-0.07229
1390	-0.05851
1391	-0.1319
1392	-0.203
1393	-0.08721
1394	-0.1631
1395	-0.01994
1396	-0.1245
1397	-0.1471
1398	-0.1016
1399	-0.1537
1400	-0.1314
1401	-0.105
1402	-0.05282
1403	-0.05282
1404	-0.05282
1405	-0.1359
1406	-0.1359
1407	-0.1359
1408	-0.1359
1409	-0.1359
1410	-0.08624
1411	-0.09554
1412	-0.09683
1413	-0.1022
1414	-0.02809
1415	-0.154
1416	-0.0927
1417	-0.1075
1418	-0.1326
1419	-0.2051
1420	-0.07939
1421	-0.03937
1422	-0.1063
1423	-0.1063
1424	-0.1514
1425	-0.1145
1426	-0.1145
1427	-0.1145
1428	-0.1145
1429	-0.1145
1430	-0.1512
1431	-0.2341
1432	-0.0754
1433	-0.1406
1434	-0.07603
1435	-0.06618
1436	-0.1426
1437	-0.0441
1438	-0.1201
1439	-0.1091
1440	-0.1673
1441	-0.1394
1442	-0.1123
1443	-0.1166
1444	-0.09346
1445	-0.09346
1446	-0.09346
1447	-0.09346
1448	-0.09346
1449	-0.09346
1450	-0.1678
1451	-0.06904
1452	-0.06904
1453	-0.1461
1454	-0.1657
1455	-0.1374
1456	-0.1227
1457	-0.1131
1458	-0.1131
1459	-0.08937
1460	-0.07819
1461	-0.1461
1462	-0.1398
1463	-0.1438
1464	-0.1438
1465	-0.1438
1466	-0.1438
1467	-0.1438
1468	-0.1004
1469	-0.1004
1470	-0.1004
1471	-0.1277
1472	-0.1277
1473	-0.1277
1474	-0.09559
1475	-0.1151
1476	-0.1276
1477	-0.156
1478	-0.1125
1479	-0.08625
1480	-0.08698
1481	-0.1211
1482	-0.02405
1483	-0.1402
1484	-0.06831
1485	-0.1185
1486	-0.05818
1487	-0.188
1488	-0.1153
1489	-0.1057
1490	-0.1057
1491	-0.1569
1492	-0.1569
1493	-0.1569
1494	-0.1569
1495	-0.05083
1496	-0.1404
1497	-0.1404
1498	-0.159
1499	-0.159
1500	-0.159
1501	-0.1103
1502	-0.08248
1503	-0.171
1504	-0.1043
1505	-0.1043
1506	-0.132
1507	-0.1211
1508	-0.1504
1509	-0.07197
1510	-0.07197
1511	-0.09376
1512	-0.03799
1513	-0.1542
1514	-0.1011
1515	-0.09449
1516	-0.09449
1517	-0.09449
1518	-0.09449
1519	-0.09449
1520	-0.09449
1521	-0.1159
1522	-0.1159
1523	-0.08456
1524	-0.1239
1525	-0.124
1526	-0.124
1527	-0.1586
1528	-0.05041
1529	-0.05041
1530	-0.113
1531	-0.1066
1532	-0.1066
1533	-0.1066
1534	-0.1384
1535	-0.1384
1536	-0.1137
1537	-0.09742
1538	-0.09742
1539	-0.1523
1540	-0.1519
1541	-0.009659
1542	-0.1421
1543	-0.157
1544	-0.1728
1545	-0.1208
1546	-0.1208
1547	-0.1124
1548	0.01785
1549	-0.1641
1550	-0.09878
1551	-0.1101
1552	-0.1055
1553	-0.1663
1554	-0.0461
1555	-0.0461
1556	-0.08095
1557	-0.1169
1558	-0.1319
1559	-0.06852
1560	-0.08306
1561	-0.1062
1562	-0.1062
1563	-0.1062
1564	-0.1062
1565	-0.1062
1566	-0.1062
1567	-0.1062
1568	-0.1062
1569	-0.1062
1570	-0.1062
1571	-0.1714
1572	-0.1714
1573	-0.08644
1574	-0.1481
1575	-0.1481
1576	-0.1531
1577	-0.07562
1578	-0.08366
1579	-0.1677
1580	-0.05729
1581	-0.1629
1582	-0.1198
1583	-0.08437
1584	-0.1443
1585	-0.06458
1586	-0.105
1587	-0.1271
1588	-0.1008
1589	-0.1058
1590	-0.1058
1591	-0.07575
1592	-0.1052
1593	-0.06322
1594	-0.1706
1595	-0.1706
1596	-0.1706
1597	-0.1706
1598	-0.1706
1599	-0.1706
1600	-0.1706
1601	-0.1217
1602	-0.1589
1603	-0.1589
1604	-0.1343
1605	-0.123
1606	-0.123
1607	-0.1171
1608	-0.2067
1609	-0.06494
1610	-0.1263
1611	-0.08047
1612	-0.08047
1613	-0.08047
1614	-0.08047
1615	-0.1401
1616	-0.1401
1617	-0.1372
1618	-0.1372
1619	-0.1372
1620	-0.1372
1621	-0.1212
1622	-0.1212
1623	-0.1212
1624	-0.07883
1625	-0.09872
1626	-0.09872
1627	-0.1451
1628	-0.1246
1629	-0.01639
1630	-0.06964
1631	-0.0439
1632	-0.09284
1633	-0.09284
1634	-0.07346
1635	-0.07346
1636	-0.07346
1637	-0.09753
1638	-0.1537
1639	-0.1537
1640	-0.1537
1641	-0.1731
1642	-0.1731
1643	-0.1731
1644	-0.1118
1645	-0.1118
1646	-0.1144
1647	-0.06031
1648	-0.1338
1649	-0.03236
1650	-0.04024
1651	-0.1068
1652	-0.1088
1653	-0.1638
1654	-0.1638
1655	-0.1638
1656	-0.1638
1657	-0.1638
1658	-0.1638
1659	-0.1638
1660	-0.1638
1661	-0.1567
1662	-0.1567
1663	-0.1224
1664	-0.06661
1665	-0.1325
1666	-0.06144
1667	-0.06144
1668	-0.09433
1669	-0.1302
1670	-0.07439
1671	-0.07139
1672	-0.08526
1673	-0.1664
1674	-0.1008
1675	-0.1218
1676	-0.1509
1677	-0.1199
1678	-0.1093
1679	-0.0353
1680	-0.1557
1681	-0.09887
1682	-0.09887
1683	-0.09887
1684	-0.09887
1685	-0.09887
1686	-0.1267
1687	-0.1267
1688	-0.1267
1689	-0.1267
1690	-0.02826
1691	-0.1165
1692	-0.1165
1693	-0.1049
1694	-0.1676
1695	-0.1676
1696	-0.1676
1697	-0.1311
1698	-0.1713
1699	-0.08383
1700	-0.15
1701	-0.0639
1702	-0.07192
1703	-0.02694
1704	-0.08265
1705	-0.08265
1706	-0.08265
1707	-0.08265
1708	-0.08265
1709	-0.08265
1710	-0.06529
1711	-0.1517
1712	-0.1459
1713	-0.1062
1714	-0.008466
1715	-0.06538
1716	-0.1151
1717	-0.1711
1718	-0.1199
1719	-0.1699
1720	-0.1699
1721	-0.1338
1722	-0.1338
1723	-0.09637
1724	-0.09557
1725	-0.09557
1726	-0.1466
1727	-0.1466
1728	-0.1466
1729	-0.1466
1730	-0.1466
1731	-0.1237
1732	-0.1496
1733	-0.07146
1734	-0.07146
1735	-0.07146
1736	-0.1561
1737	-0.1561
1738	-0.1157
1739	-0.144
1740	-0.144
1741	-0.1327
1742	-0.1199
1743	-0.08261
1744	-0.08402
1745	-0.1455
1746	-0.1085
1747	-0.1352
1748	-0.1352
1749	-0.1153
1750	-0.05211
1751	-0.1684
1752	-0.1365
1753	-0.09204
1754	-0.08733
1755	-0.08733
1756	-0.1154
1757	-0.05596
1758	-0.05596
1759	-0.1939
1760	-0.1939
1761	-0.1266
1762	-0.08754
1763	-0.09969
1764	-0.03089
1765	-0.03089
1766	-0.07816
1767	-0.04093
1768	-0.04093
1769	-0.1071
1770	-0.1071
1771	-0.1749
1772	-0.1749
1773	-0.1619
1774	-0.1144
1775	-0.1666
1776	-0.1902
1777	-0.01569
1778	-0.01569
1779	-0.1185
1780	-0.02319
1781	-0.05589
1782	-0.05589
1783	-0.05589
1784	-0.18
1785	-0.1073
1786	-0.1073
1787	-0.129
1788	-0.1354
1789	-0.08271
1790	-0.08271
1791	-0.1379
1792	-0.1136
1793	-0.1136
1794	-0.08857
1795	-0.09809
1796	-0.09809
1797	-0.09809
1798	-0.09809
1799	-0.09809
1800	-0.09809
1801	-0.1299
1802	-0.1299
1803	-0.04425
1804	-0.05658
1805	-0.1613
1806	-0.1613
1807	-0.04071
1808	-0.1297
1809	-0.1105
1810	-0.1105
1811	-0.1131
1812	-0.1131
1813	-0.1131
1814	-0.1456
1815	-0.1161
1816	-0.1021
1817	-0.09142
1818	-0.09142
1819	-0.1393
1820	-0.1393
1821	-0.09831
1822	-0.09831
1823	-0.07981
1824	-0.1065
1825	-0.06444
1826	-0.08489
1827	-0.08489
1828	-0.1868
1829	-0.1528
1830	-0.1359
1831	-0.1272
1832	-0.1266
1833	-0.1329
1834	-0.1111
1835	-0.1111
1836	-0.1588
1837	-0.1941
1838	-0.09493
1839	-0.1093
1840	-0.1341
1841	-0.125
1842	-0.1536
1843	-0.09367
1844	-0.09367
1845	-0.08278
1846	-0.101
1847	-0.101
1848	-0.01516
1849	-0.1002
1850	-0.1534
1851	-0.008721
1852	-0.008721
1853	-0.0725
1854	-0.04207
1855	-0.04207
1856	-0.1625
1857	-0.1625
1858	-0.08618
1859	-0.08618
1860	-0.09912
1861	-0.09361
1862	-0.09361
1863	-0.09361
1864	-0.07416
1865	-0.07416
1866	-0.07746
1867	-0.02687
1868	-0.1119
1869	-0.1491
1870	-0.05566
1871	-0.0168
1872	-0.0168
1873	-0.0168
1874	-0.0168
1875	-0.0168
1876	-0.0168
1877	-0.0168
1878	-0.0168
1879	-0.05263
1880	-0.1488
1881	-0.09972
1882	-0.1272
1883	-0.1272
1884	-0.1272
1885	-0.1272
1886	-0.1272
1887	-0.1272
1888	-0.1272
1889	-0.09765
1890	-0.1567
1891	-0.08583
1892	-0.01938
1893	-0.1246
1894	-0.1246
1895	-0.1246
1896	-0.1246
1897	-0.1246
1898	-0.1898
1899	-0.07256
1900	-0.07256
1901	-0.09402
1902	-0.09402
1903	-0.09193
1904	-0.1374
1905	-0.1374
1906	-0.1594
1907	-0.1553
1908	-0.1672
1909	-0.1306
1910	-0.1032
1911	-0.06142
1912	-0.06142
1913	-0.1646
1914	-0.1468
1915	-0.05268
1916	-0.06559
1917	-0.1371
1918	-0.1371
1919	-0.162
1920	-0.06083
1921	-0.1464
1922	-0.1613
1923	-0.1903
1924	-0.1683
1925	-0.1683
1926	-0.1778
1927	-0.1599
1928	-0.0579
1929	-0.0579
1930	-0.121
1931	-0.1568
1932	-0.1103
1933	-0.1543
1934	-0.1543
1935	-0.1543
1936	-0.1224
1937	-0.09231
1938	-0.1386
1939	-0.132
1940	-0.066
1941	-0.1441
1942	-0.1441
1943	-0.1441
1944	-0.1441
1945	-0.1049
1946	-0.1049
1947	-0.1061
1948	-0.1182
1949	-0.1182
1950	-0.1182
1951	-0.1107
1952	-0.1107
1953	-0.1107
1954	-0.1107
1955	-0.1107
1956	-0.05088
1957	-0.05088
1958	-0.05088
1959	-0.05088
1960	-0.09901
1961	-0.1288
1962	-0.144
1963	-0.04777
1964	-0.04373
1965	-0.1498
1966	-0.0414
1967	-0.1277
1968	-0.1245
1969	-0.066
1970	-0.1319
1971	-0.08324
1972	-0.1045
1973	-0.104
1974	-0.104
1975	-0.104
1976	-0.1171
1977	-0.1171
1978	-0.1374
1979	-0.1374
1980	-0.1426
1981	-0.1408
1982	-0.1408
1983	-0.1408
1984	-0.1075
1985	-0.07932
1986	-0.04033
1987	0.001242
1988	0.001242
1989	-0.1368
1990	-0.07886
1991	-0.02797
1992	-0.1443
1993	-0.1193
1994	-0.09324
1995	-0.06571
1996	-0.0886
1997	-0.1513
1998	-0.1513
1999	-0.1431
2000	-0.1065
2001	-0.1129
2002	-0.09596
2003	-0.1365
2004	-0.1365
2005	-0.1259
2006	-0.1259
2007	-0.1259
2008	-0.1234
2009	-0.08809
2010	-0.002984
2011	-0.1308
2012	-0.1308
2013	-0.1284
2014	-0.1297
2015	-0.08108
2016	-0.08108
2017	-0.08108
2018	-0.06445
2019	-0.1345
2020	-0.1272
2021	-0.1302
2022	-0.1057
2023	-0.06736
2024	-0.0841
2025	-0.1281
2026	-0.09776
2027	-0.1431
2028	-0.1468
2029	-0.1468
2030	-0.1468
2031	-0.1604
2032	-0.1598
2033	-0.09348
2034	-0.1384
2035	-0.1702
2036	-0.1228
2037	0.01819
2038	-0.07442
2039	-0.07442
2040	-0.1124
2041	-0.1558
2042	0.03201
2043	0.03947
2044	0.03947
2045	0.03947
2046	-0.1768
2047	-0.15
2048	-0.08658
2049	-0.0535
2050	-0.1152
2051	-0.09951
2052	-0.09951
2053	-0.09422
2054	-0.1159
2055	-0.1258
2056	-0.1016
2057	-0.1129
2058	-0.1579
2059	-0.1624
2060	-0.1942
2061	-0.03523
2062	-0.03523
2063	-0.03523
2064	-0.03295
2065	-0.1018
2066	-0.05402
2067	-0.1192
2068	-0.107
2069	-0.107
2070	-0.1379
2071	-0.1187
2072	-0.1078
2073	-0.1078
2074	-0.1552
2075	-0.1552
2076	-0.1552
2077	-0.03344
2078	-0.1845
2079	-0.1118
2080	-0.06693
2081	-0.04702
2082	-0.04702
2083	-0.1183
2084	-0.09345
2085	-0.1709
2086	-0.0997
2087	-0.0997
2088	-0.1573
2089	-0.1573
2090	-0.07077
2091	-0.1152
2092	-0.03207
2093	-0.03207
2094	-0.03207
2095	-0.03207
2096	-0.1146
2097	-0.1264
2098	-0.1132
2099	-0.1162
2100	-0.1259
2101	-0.08644
2102	-0.08644
2103	-0.08644
2104	-0.08644
2105	-0.08644
2106	-0.08494
2107	-0.1155
2108	-0.04766
2109	-0.09351
2110	-0.09011
2111	-0.1202
2112	-0.1205
2113	-0.03792
2114	-0.04407
2115	0.011
2116	-0.1183
2117	-0.1524
2118	-0.11
2119	-0.11
2120	-0.11
2121	-0.1114
2122	-0.1114
2123	-0.1114
2124	-0.1114
2125	-0.1114
2126	-0.1327
2127	-0.1477
2128	-0.1093
2129	-0.06538
2130	-0.05415
2131	-0.1433
2132	-0.1433
2133	-0.1433
2134	-0.1155
2135	-0.1119
2136	-0.1757
2137	-0.1757
2138	-0.185
2139	-0.185
2140	-0.185
2141	-0.1386
2142	-0.2002
2143	-0.2002
2144	-0.1507
2145	-0.07802
2146	-0.08497
2147	-0.1761
2148	-0.1237
2149	-0.1237
2150	-0.1146
2151	-0.1042
2152	-0.06408
2153	-0.09473
2154	-0.08427
2155	-0.2142
2156	-0.1292
2157	-0.08195
2158	-0.1474
2159	-0.1113
2160	-0.1114
2161	-0.09432
2162	-0.1278
2163	-0.1215
2164	-0.1215
2165	-0.1152
2166	-0.1766
2167	-0.1766
2168	-0.1766
2169	-0.1248
2170	-0.1779
2171	-0.09305
2172	-0.02054
2173	-0.1666
2174	-0.1666
2175	-0.1033
2176	-0.1033
2177	-0.1033
2178	-0.1033
2179	-0.1033
2180	-0.113
2181	-0.09111
2182	-0.09111
2183	-0.09111
2184	-0.09111
2185	-0.09111
2186	-0.09111
2187	-0.09111
2188	-0.09111
2189	-0.09111
2190	-0.09111
2191	-0.1239
2192	-0.1239
2193	-0.1239
2194	-0.1239
2195	-0.1239
2196	-0.1239
2197	-0.1239
2198	-0.1239
2199	-0.1239
2200	-0.1239
2201	-0.1817
2202	-0.1817
2203	-0.1817
2204	-0.1817
2205	-0.1817
2206	-0.1817
2207	-0.1817
2208	-0.1817
2209	-0.1817
2210	-0.1817
2211	-0.1508
2212	-0.1508
2213	-0.1508
2214	-0.1508
2215	-0.1508
2216	-0.1508
2217	-0.1508
2218	-0.1508
2219	-0.1508
2220	-0.1508
2221	-0.1631
2222	-0.1457
2223	-0.154
2224	-0.02147
2225	-0.007662
2226	-0.1028
2227	-0.1141
2228	-0.1593
2229	-0.03362
2230	-0.1132
2231	-0.0841
2232	-0.09717
2233	-0.05956
2234	-0.07269
2235	-0.1552
2236	-0.03628
2237	-0.03628
2238	-0.07039
2239	-0.1209
2240	-0.09487
2241	-0.143
2242	-0.1563
2243	-0.127
2244	-0.1328
2245	-0.1328
2246	-0.08258
2247	-0.08258
2248	-0.1157
2249	-0.04702
2250	-0.08656
2251	-0.06802
2252	-0.06802
2253	-0.06802
2254	-0.06802
2255	-0.06802
2256	-0.06802
2257	-0.06802
2258	-0.06802
2259	-0.06802
2260	-0.06802
2261	-0.1764
2262	-0.1764
2263	-0.08612
2264	-0.08684
2265	-0.08684
2266	-0.08684
2267	-0.1058
2268	-0.09473
2269	-0.1478
2270	-0.07037
2271	-0.1912
2272	-0.1075
2273	-0.04179
2274	-0.06734
2275	-0.1105
2276	-0.1004
2277	-0.1197
2278	-0.05757
2279	-0.05757
2280	-0.05757
2281	-0.159
2282	-0.1242
2283	-0.1454
2284	-0.1454
2285	-0.1454
2286	-0.1454
2287	-0.1454
2288	-0.1454
2289	-0.1454
2290	-0.1454
2291	-0.1757
2292	-0.1757
2293	-0.1757
2294	-0.1757
2295	-0.1757
2296	-0.1757
2297	-0.1757
2298	-0.1757
2299	-0.1757
2300	-0.1757
2301	-0.1978
2302	-0.1978
2303	-0.1059
2304	-0.09331
2305	-0.09331
2306	-0.09331
2307	-0.09331
2308	-0.09331
2309	-0.1701
2310	-0.09492
2311	-0.1066
2312	-0.1066
2313	-0.119
2314	-0.1115
2315	-0.02906
2316	-0.1061
2317	-0.1917
2318	-0.1917
2319	-0.06993
2320	-0.04691
2321	-0.09738
2322	-0.09738
2323	-0.09738
2324	-0.09738
2325	-0.09738
2326	-0.09738
2327	-0.09738
2328	-0.09738
2329	-0.147
2330	-0.1436
2331	-0.0733
2332	-0.1342
2333	-0.1342
2334	-0.1342
2335	-0.1342
2336	-0.1342
2337	-0.1378
2338	-0.1378
2339	-0.1378
2340	-0.2055
2341	-0.1401
2342	-0.1401
2343	-0.1401
2344	-0.1401
2345	-0.07326
2346	-0.1163
2347	-0.08686
2348	-0.1337
2349	-0.1337
2350	-0.1313
2351	-0.1044
2352	-0.09892
2353	-0.1884
2354	-0.1478
2355	-0.205
2356	-0.1319
2357	-0.1319
2358	-0.1135
2359	-0.1096
2360	-0.1096
2361	-0.1183
2362	-0.1183
2363	-0.04395
2364	-0.129
2365	-0.08265
2366	-0.08265
2367	-0.08265
2368	-0.1035
2369	-0.1319
2370	-0.1288
2371	-0.1075
2372	-0.08446
2373	-0.1475
2374	-0.1985
2375	-0.1574
2376	-0.1574
2377	-0.1574
2378	-0.1574
2379	-0.1179
2380	-0.1179
2381	-0.1454
2382	-0.06749
2383	-0.06736
2384	-0.06342
2385	-0.06342
2386	-0.09389
2387	-0.08384
2388	-0.1072
2389	-0.09438
2390	-0.1116
2391	-0.07232
2392	-0.1222
2393	-0.1449
2394	-0.04737
2395	-0.1061
2396	-0.1287
2397	-0.1373
2398	-0.1709
2399	-0.1008
2400	-0.03073
2401	-0.07266
2402	-0.01729
2403	-0.0928
2404	-0.09454
2405	-0.1647
2406	-0.0867
2407	-0.1868
2408	-0.1393
2409	-0.2145
2410	-0.1363
2411	-0.03328
2412	-0.1762
2413	-0.0847
2414	-0.102
2415	-0.1367
2416	-0.1134
2417	-0.1134
2418	-0.1134
2419	-0.1134
2420	-0.1134
2421	-0.0319
2422	-0.1241
2423	-0.1241
2424	0.01218
2425	-0.09288
2426	-0.07691
2427	-0.07691
2428	-0.07691
2429	-0.2106
2430	-0.2106
2431	-0.1114
2432	-0.0796
2433	-0.0796
2434	-0.0796
2435	-0.0796
2436	-0.0796
2437	-0.05669
2438	-0.05669
2439	-0.04098
2440	-0.08777
2441	-0.1484
2442	-0.05628
2443	-0.09956
2444	-0.06825
2445	-0.1519
2446	-0.1338
2447	-0.1338
2448	-0.03794
2449	-0.08505
2450	-0.06404
2451	-0.1518
2452	-0.07081
2453	-0.08493
2454	-0.06605
2455	-0.1593
2456	-0.1272
2457	-0.1272
2458	-0.1272
2459	-0.1272
2460	-0.1272
2461	-0.1562
2462	-0.1243
2463	-0.1243
2464	-0.1243
2465	-0.1243
2466	-0.07158
2467	-0.06957
2468	-0.06957
2469	-0.06957
2470	-0.09397
2471	-0.07134
2472	-0.1108
2473	-0.1262
2474	-0.1509
2475	-0.1509
2476	-0.08846
2477	-0.1388
2478	-0.1209
2479	-0.07164
2480	-0.1139
2481	-0.1158
2482	-0.1076
2483	-0.1218
2484	-0.1009
2485	-0.08181
2486	-0.08181
2487	-0.1194
2488	-0.1194
2489	-0.1194
2490	-0.1398
2491	-0.1476
2492	-0.1054
2493	-0.1641
2494	-0.1641
2495	-0.1641
2496	-0.1641
2497	-0.116
2498	-0.09881
2499	-0.1702
2500	-0.1265
1251	0.8481
1252	0.4654
1253	0.06854
1254	0.7094
1255	0.5778
1256	0.8222
1257	0.8222
1258	0.9889
1259	1.226
1260	1.045
1261	0.8702
1262	1.279
1263	1.279
1264	1.468
1265	1.157
1266	0.3294
1267	1.039
1268	0.5478
1269	0.21
1270	1.123
1271	1.148
1272	0.4229
1273	0.8246
1274	0.8533
1275	0.8533
1276	0.6956
1277	0.7634
1278	1.178
1279	1.178
1280	1.178
1281	0.9152
1282	0.7608
1283	0.8922
1284	0.8922
1285	0.8922
1286	0.6205
1287	0.9628
1288	0.9628
1289	1.465
1290	1.465
1291	1.761
1292	0.9688
1293	1.185
1294	1.601
1295	1.073
1296	0.596
1297	0.596
1298	0.596
1299	0.596
1300	0.596
1301	1.637
1302	1.535
1303	1.535
1304	1.535
1305	1.228
1306	1.432
1307	1.432
1308	0.9969
1309	1.038
1310	1.038
1311	0.2954
1312	0.4391
1313	0.9576
1314	0.9576
1315	0.8306
1316	1.301
1317	1.301
1318	0.6911
1319	0.7964
1320	0.746
1321	0.5297
1322	1.537
1323	1.263
1324	0.8097
1325	1.206
1326	0.9567
1327	0.7078
1328	1.301
1329	0.8348
1330	0.8348
1331	0.9084
1332	0.9084
1333	2.051
1334	2.051
1335	0.9699
1336	0.9699
1337	1.211
1338	0.3736
1339	0.5489
1340	0.5489
1341	1.401
1342	0.8274
1343	0.6108
1344	0.3913
1345	0.7514
1346	0.7514
1347	0.4331
1348	1.223
1349	1.223
1350	0.9165
1351	1.271
1352	0.4582
1353	0.3514
1354	1.333
1355	1.333
1356	1.333
1357	1.333
1358	1.333
1359	1.333
1360	1.333
1361	1.188
1362	0.8515
1363	0.5344
1364	0.1628
1365	1.389
1366	1.259
1367	0.3438
1368	1.438
1369	1.416
1370	-0.3888
1371	1.63
1372	1.63
1373	1.63
1374	1.63
1375	1.708
1376	1.763
1377	0.4516
1378	0.4375
1379	0.7671
1380	0.7671
1381	1.176
1382	1.61
1383	1.61
1384	1.753
1385	1.753
1386	1.753
1387	0.4092
1388	1.17
1389	0.748
1390	0.4293
1391	1.108
1392	1.083
1393	0.5722
1394	1.276
1395	0.1334
1396	1.142
1397	1.196
1398	0.8077
1399	1.593
1400	0.8165
1401	0.8076
1402	0.5009
1403	0.5009
1404	0.5009
1405	1.588
1406	1.588
1407	1.588
1408	1.588
1409	1.588
1410	0.7731
1411	0.9878
1412	0.7927
1413	0.5581
1414	0.1525
1415	1.163
1416	1.011
1417	0.783
1418	0.7369
1419	1.149
1420	0.3565
1421	0.289
1422	1.132
1423	1.132
1424	1.983
1425	1.078
1426	1.078
1427	1.078
1428	1.078
1429	1.078
1430	1.512
1431	1.589
1432	0.6685
1433	0.9456
1434	0.6305
1435	0.5334
1436	1.13
1437	0.2739
1438	0.7053
1439	0.8288
1440	1.862
1441	1.414
1442	1.125
1443	1.076
1444	1.037
1445	1.037
1446	1.037
1447	1.037
1448	1.037
1449	1.037
1450	1.079
1451	0.3003
1452	0.3003
1453	0.8228
1454	1.478
1455	1.203
1456	0.8578
1457	0.568
1458	0.568
1459	0.4419
1460	0.5876
1461	1.162
1462	1.146
1463	1.621
1464	1.621
1465	1.621
1466	1.621
1467	1.621
1468	1.003
1469	1.003
1470	1.003
1471	1.364
1472	1.364
1473	1.364
1474	0.5291
1475	0.917
1476	1.442
1477	1.245
1478	0.7478
1479	1.079
1480	0.8318
1481	0.6428
1482	0.1289
1483	1.052
1484	0.4501
1485	0.783
1486	0.5214
1487	1.738
1488	1.198
1489	1.348
1490	1.348
1491	2.017
1492	2.017
1493	2.017
1494	2.017
1495	0.3934
1496	1.031
1497	1.031
1498	1.914
1499	1.914
1500	1.914
1501	1.267
1502	0.6023
1503	1.172
1504	0.9558
1505	0.9558
1506	1.04
1507	0.9983
1508	1.116
1509	0.4023
1510	0.4023
1511	0.5366
1512	0.2095
1513	1.171
1514	0.7039
1515	0.9894
1516	0.9894
1517	0.9894
1518	0.9894
1519	0.9894
1520	0.9894
1521	0.9858
1522	0.9858
1523	0.6181
1524	1.201
1525	1.184
1526	1.184
1527	1.421
1528	0.4081
1529	0.4081
1530	1.04
1531	1.127
1532	1.127
1533	1.127
1534	1.144
1535	1.144
1536	0.8283
1537	0.7759
1538	0.7759
1539	1.113
1540	1.171
1541	0.06311
1542	1.337
1543	1.245
1544	1.393
1545	1.189
1546	1.189
1547	0.9082
1548	-0.08855
1549	1.212
1550	0.6461
1551	0.7779
1552	0.7311
1553	0.8042
1554	0.2731
1555	0.2731
1556	0.6586
1557	0.9617
1558	1.119
1559	0.5955
1560	0.7767
1561	1.481
1562	1.481
1563	1.481
1564	1.481
1565	1.481
1566	1.481
1567	1.481
1568	1.481
1569	1.481
1570	1.481
1571	1.91
1572	1.91
1573	0.8696
1574	1.641
1575	1.641
1576	1.637
1577	0.4998
1578	0.7305
1579	1.943
1580	0.5106
1581	1.437
1582	1.017
1583	0.5485
1584	1.135
1585	0.4628
1586	0.7927
1587	0.9061
1588	0.6627
1589	0.8796
1590	0.8796
1591	0.6234
1592	1.251
1593	0.7268
1594	1.883
1595	1.883
1596	1.883
1597	1.883
1598	1.883
1599	1.883
1600	1.883
1601	0.7985
1602	1.637
1603	1.637
1604	1.366
1605	1.24
1606	1.24
1607	1.225
1608	1.576
1609	0.4023
1610	1.084
1611	0.8231
1612	0.8231
1613	0.8231
1614	0.8231
1615	1.523
1616	1.523
1617	1.752
1618	1.752
1619	1.752
1620	1.752
1621	1.656
1622	1.656
1623	1.656
1624	0.6859
1625	0.8528
1626	0.8528
1627	1.374
1628	0.6857
1629	0.08022
1630	0.3832
1631	0.3014
1632	0.8847
1633	0.8847
1634	0.6578
1635	0.6578
1636	0.6578
1637	0.6703
1638	1.795
1639	1.795
1640	1.795
1641	1.983
1642	1.983
1643	1.983
1644	0.9446
1645	0.9446
1646	0.7216
1647	0.4879
1648	1.168
1649	0.2404
1650	0.333
1651	0.7839
1652	0.9594
1653	2.163
1654	2.163
1655	2.163
1656	2.163
1657	2.163
1658	2.163
1659	2.163
1660	2.163
1661	2.004
1662	2.004
1663	0.8997
1664	0.4515
1665	0.7163
1666	0.3683
1667	0.3683
1668	0.6362
1669	0.7057
1670	0.4375
1671	0.4965
1672	0.6436
1673	1.424
1674	0.7871
1675	0.8137
1676	1.304
1677	1.113
1678	0.7881
1679	0.2857
1680	1.355
1681	1.229
1682	1.229
1683	1.229
1684	1.229
1685	1.229
1686	1.213
1687	1.213
1688	1.213
1689	1.213
1690	0.2071
1691	1.064
1692	1.064
1693	0.78
1694	1.723
1695	1.723
1696	1.723
1697	0.9614
1698	1.329
1699	0.9079
1700	1.119
1701	0.48
1702	0.4373
1703	0.1794
1704	0.9087
1705	0.9087
1706	0.9087
1707	0.9087
1708	0.9087
1709	0.9087
1710	0.4935
1711	1.091
1712	0.8916
1713	0.8431
1714	0.04266
1715	0.4562
1716	0.7324
1717	1.361
1718	0.9327
1719	1.962
1720	1.962
1721	1.142
1722	1.142
1723	0.9011
1724	1.165
1725	1.165
1726	1.7
1727	1.7
1728	1.7
1729	1.7
1730	1.7
1731	1.092
1732	1.379
1733	0.6536
1734	0.6536
1735	0.6536
1736	1.368
1737	1.368
1738	1.204
1739	1.876
1740	1.876
1741	1.494
1742	0.9028
1743	0.7938
1744	0.5481
1745	0.9981
1746	0.8661
1747	1.541
1748	1.541
1749	1.04
1750	0.5101
1751	1.906
1752	1.172
1753	0.7298
1754	0.6309
1755	0.6309
1756	0.8535
1757	0.4469
1758	0.4469
1759	1.471
1760	1.471
1761	0.8019
1762	0.7114
1763	0.9813
1764	0.2295
1765	0.2295
1766	0.5177
1767	0.3917
1768	0.3917
1769	1.152
1770	1.152
1771	1.828
1772	1.828
1773	1.176
1774	0.9426
1775	1.289
1776	0.9906
1777	0.07012
1778	0.07012
1779	0.6788
1780	0.1553
1781	0.5787
1782	0.5787
1783	0.5787
1784	1.736
1785	0.8114
1786	0.8114
1787	0.8115
1788	1.09
1789	0.6446
1790	0.6446
1791	0.8718
1792	1.147
1793	1.147
1794	0.8552
1795	1.189
1796	1.189
1797	1.189
1798	1.189
1799	1.189
1800	1.189
1801	1.505
1802	1.505
1803	0.3461
1804	0.3833
1805	1.426
1806	1.426
1807	0.2469
1808	1.007
1809	1.16
1810	1.16
1811	1.127
1812	1.127
1813	1.127
1814	1.274
1815	1.178
1816	0.979
1817	0.9607
1818	0.9607
1819	1.477
1820	1.477
1821	1.021
1822	1.021
1823	0.6941
1824	0.7819
1825	0.3382
1826	0.7104
1827	0.7104
1828	1.236
1829	1.315
1830	1.322
1831	0.956
1832	0.9134
1833	1.313
1834	1.183
1835	1.183
1836	1.225
1837	2.175
1838	0.62
1839	0.7441
1840	1.264
1841	0.8159
1842	1.249
1843	1.041
1844	1.041
1845	0.6348
1846	0.798
1847	0.798
1848	0.09024
1849	0.4835
1850	0.7208
1851	0.06595
1852	0.06595
1853	0.4693
1854	0.2198
1855	0.2198
1856	1.485
1857	1.485
1858	0.8318
1859	0.8318
1860	0.8342
1861	1.124
1862	1.124
1863	1.124
1864	0.4559
1865	0.4559
1866	0.5526
1867	0.1296
1868	0.7565
1869	0.6921
1870	0.3049
1871	0.1493
1872	0.1493
1873	0.1493
1874	0.1493
1875	0.1493
1876	0.1493
1877	0.1493
1878	0.1493
1879	0.3121
1880	0.8931
1881	0.955
1882	1.242
1883	1.242
1884	1.242
1885	1.242
1886	1.242
1887	1.242
1888	1.242
1889	0.8323
1890	1.095
1891	0.6111
1892	0.1292
1893	1.316
1894	1.316
1895	1.316
1896	1.316
1897	1.316
1898	1.581
1899	0.6815
1900	0.6815
1901	1.014
1902	1.014
1903	0.7614
1904	1.385
1905	1.385
1906	1.59
1907	1.918
1908	1.466
1909	1.527
1910	0.8602
1911	0.5642
1912	0.5642
1913	1.302
1914	0.6915
1915	0.3639
1916	0.3523
1917	1.117
1918	1.117
1919	1.366
1920	0.4962
1921	1.051
1922	1.467
1923	1.772
1924	1.671
1925	1.671
1926	1.057
1927	1.256
1928	0.5051
1929	0.5051
1930	0.7731
1931	1.207
1932	1.099
1933	1.734
1934	1.734
1935	1.734
1936	1.167
1937	0.8501
1938	1.227
1939	0.9382
1940	0.6251
1941	1.542
1942	1.542
1943	1.542
1944	1.542
1945	1.285
1946	1.285
1947	1.109
1948	1.209
1949	1.209
1950	1.209
1951	1.571
1952	1.571
1953	1.571
1954	1.571
1955	1.571
1956	0.4565
1957	0.4565
1958	0.4565
1959	0.4565
1960	0.9239
1961	0.7371
1962	0.6895
1963	0.2751
1964	0.2383
1965	0.8196
1966	0.2037
1967	0.8455
1968	0.8265
1969	0.5083
1970	0.9427
1971	0.4672
1972	1.174
1973	1.215
1974	1.215
1975	1.215
1976	1.238
1977	1.238
1978	1.475
1979	1.475
1980	1.353
1981	1.585
1982	1.585
1983	1.585
1984	1.154
1985	0.6306
1986	0.206
1987	-0.009451
1988	-0.009451
1989	1.382
1990	0.4997
1991	0.2399
1992	1.058
1993	1.135
1994	0.6455
1995	0.4419
1996	0.4351
1997	1.287
1998	1.287
1999	0.9601
2000	0.5099
2001	0.8447
2002	0.6692
2003	1.594
2004	1.594
2005	1.449
2006	1.449
2007	1.449
2008	0.9245
2009	0.5339
2010	0.02514
2011	1.218
2012	1.218
2013	1.215
2014	1.179
2015	0.7021
2016	0.7021
2017	0.7021
2018	0.3128
2019	1.077
2020	1.012
2021	0.855
2022	0.885
2023	0.6024
2024	0.5525
2025	0.8627
2026	0.6639
2027	1.047
2028	1.76
2029	1.76
2030	1.76
2031	1.462
2032	1.24
2033	0.8719
2034	1.459
2035	1.312
2036	1.099
2037	-0.1233
2038	0.6254
2039	0.6254
2040	0.7301
2041	1.007
2042	-0.1589
2043	-0.2119
2044	-0.2119
2045	-0.2119
2046	1.209
2047	0.9381
2048	0.4888
2049	0.4799
2050	1.074
2051	0.9813
2052	0.9813
2053	0.6464
2054	0.8139
2055	1.121
2056	0.6688
2057	0.7467
2058	0.9965
2059	1.489
2060	1.315
2061	0.1748
2062	0.1748
2063	0.1748
2064	0.1911
2065	0.5445
2066	0.3683
2067	1.199
2068	1.041
2069	1.041
2070	1.55
2071	1.146
2072	1.353
2073	1.353
2074	1.364
2075	1.364
2076	1.364
2077	0.2016
2078	1.655
2079	0.5632
2080	0.3773
2081	0.4524
2082	0.4524
2083	1.037
2084	0.7699
2085	1.226
2086	0.8576
2087	0.8576
2088	1.342
2089	1.342
2090	0.617
2091	0.9574
2092	0.2659
2093	0.2659
2094	0.2659
2095	0.2659
2096	0.9592
2097	0.7889
2098	1.246
2099	1.033
2100	1.12
2101	1.061
2102	1.061
2103	1.061
2104	1.061
2105	1.061
2106	0.7205
2107	1.06
2108	0.2869
2109	0.794
2110	0.8003
2111	1.216
2112	1.146
2113	0.2058
2114	0.3302
2115	-0.08991
2116	1.012
2117	1.383
2118	1.182
2119	1.182
2120	1.182
2121	1.191
2122	1.191
2123	1.191
2124	1.191
2125	1.191
2126	1.185
2127	1.408
2128	0.8523
2129	0.4089
2130	0.446
2131	1.598
2132	1.598
2133	1.598
2134	0.9187
2135	0.902
2136	1.529
2137	1.529
2138	1.904
2139	1.904
2140	1.904
2141	1.086
2142	1.774
2143	1.774
2144	1.369
2145	0.6786
2146	0.5038
2147	1.56
2148	1.044
2149	1.044
2150	0.8794
2151	0.9092
2152	0.4179
2153	0.5549
2154	0.3745
2155	1.3
2156	1.404
2157	0.5118
2158	1.053
2159	0.7627
2160	0.6527
2161	0.8761
2162	0.7931
2163	1.462
2164	1.462
2165	0.8846
2166	1.666
2167	1.666
2168	1.666
2169	0.8865
2170	1.137
2171	0.6043
2172	0.1353
2173	1.599
2174	1.599
2175	1.123
2176	1.123
2177	1.123
2178	1.123
2179	1.123
2180	0.9919
2181	1.234
2182	1.234
2183	1.234
2184	1.234
2185	1.234
2186	1.234
2187	1.234
2188	1.234
2189	1.234
2190	1.234
2191	1.793
2192	1.793
2193	1.793
2194	1.793
2195	1.793
2196	1.793
2197	1.793
2198	1.793
2199	1.793
2200	1.793
2201	2.492
2202	2.492
2203	2.492
2204	2.492
2205	2.492
2206	2.492
2207	2.492
2208	2.492
2209	2.492
2210	2.492
2211	2.207
2212	2.207
2213	2.207
2214	2.207
2215	2.207
2216	2.207
2217	2.207
2218	2.207
2219	2.207
2220	2.207
2221	1.789
2222	1.586
2223	0.9984
2224	0.09857
2225	0.04277
2226	0.6663
2227	0.8356
2228	1.089
2229	0.2935
2230	0.866
2231	0.3862
2232	0.7302
2233	0.3649
2234	0.5782
2235	1.189
2236	0.2395
2237	0.2395
2238	0.4281
2239	0.9762
2240	1.051
2241	1.755
2242	1.456
2243	1.394
2244	1.365
2245	1.365
2246	0.556
2247	0.556
2248	0.8784
2249	0.2903
2250	0.5922
2251	1.071
2252	1.071
2253	1.071
2254	1.071
2255	1.071
2256	1.071
2257	1.071
2258	1.071
2259	1.071
2260	1.071
2261	1.9
2262	1.9
2263	0.7633
2264	0.9693
2265	0.9693
2266	0.9693
2267	0.8435
2268	0.7734
2269	1.065
2270	0.5937
2271	1.326
2272	0.6667
2273	0.2129
2274	0.4913
2275	0.9129
2276	0.6838
2277	1.496
2278	0.5855
2279	0.5855
2280	0.5855
2281	1.277
2282	1.407
2283	1.968
2284	1.968
2285	1.968
2286	1.968
2287	1.968
2288	1.968
2289	1.968
2290	1.968
2291	2.241
2292	2.241
2293	2.241
2294	2.241
2295	2.241
2296	2.241
2297	2.241
2298	2.241
2299	2.241
2300	2.241
2301	2.361
2302	2.361
2303	0.9063
2304	1.081
2305	1.081
2306	1.081
2307	1.081
2308	1.081
2309	2.233
2310	0.7024
2311	1.138
2312	1.138
2313	0.9593
2314	0.8989
2315	0.1635
2316	0.8747
2317	1.973
2318	1.973
2319	0.4492
2320	0.4782
2321	1.128
2322	1.128
2323	1.128
2324	1.128
2325	1.128
2326	1.128
2327	1.128
2328	1.128
2329	1.191
2330	0.9099
2331	0.5638
2332	1.46
2333	1.46
2334	1.46
2335	1.46
2336	1.46
2337	1.644
2338	1.644
2339	1.644
2340	1.519
2341	0.8232
2342	0.8232
2343	0.8232
2344	0.8232
2345	0.4897
2346	1.15
2347	0.7257
2348	1.19
2349	1.19
2350	1.238
2351	1.018
2352	0.9109
2353	1.4
2354	0.8029
2355	1.619
2356	1.323
2357	1.323
2358	1.05
2359	1.214
2360	1.214
2361	1.2
2362	1.2
2363	0.3559
2364	1.106
2365	0.7015
2366	0.7015
2367	0.7015
2368	0.9889
2369	0.816
2370	1.233
2371	0.9989
2372	0.5015
2373	1.081
2374	1.519
2375	1.611
2376	1.611
2377	1.611
2378	1.611
2379	1.108
2380	1.108
2381	1.291
2382	0.4687
2383	0.6008
2384	0.4358
2385	0.4358
2386	0.6751
2387	0.5221
2388	0.688
2389	0.6492
2390	0.8067
2391	0.4642
2392	0.6006
2393	0.5924
2394	0.258
2395	0.8744
2396	1.296
2397	1.342
2398	1.462
2399	0.8547
2400	0.2071
2401	0.6304
2402	0.08934
2403	0.5231
2404	0.5956
2405	1.294
2406	0.6233
2407	1.393
2408	0.7807
2409	1.581
2410	0.8753
2411	0.2123
2412	1.299
2413	0.6024
2414	0.9998
2415	1.642
2416	1.124
2417	1.124
2418	1.124
2419	1.124
2420	1.124
2421	0.1851
2422	0.7054
2423	0.7054
2424	-0.05913
2425	0.6342
2426	0.7452
2427	0.7452
2428	0.7452
2429	2.126
2430	2.126
2431	0.9355
2432	0.9013
2433	0.9013
2434	0.9013
2435	0.9013
2436	0.9013
2437	0.5102
2438	0.5102
2439	0.3519
2440	0.7617
2441	1.292
2442	0.343
2443	0.7782
2444	0.6235
2445	1.232
2446	1.164
2447	1.164
2448	0.2804
2449	0.4754
2450	0.5461
2451	1.432
2452	0.7483
2453	0.6213
2454	0.5309
2455	1.426
2456	1.755
2457	1.755
2458	1.755
2459	1.755
2460	1.755
2461	2.002
2462	1.317
2463	1.317
2464	1.317
2465	1.317
2466	0.3997
2467	0.6345
2468	0.6345
2469	0.6345
2470	0.8638
2471	0.5012
2472	0.8106
2473	1.119
2474	1.259
2475	1.259
2476	0.5517
2477	1.119
2478	0.8861
2479	0.5552
2480	0.8859
2481	0.9257
2482	0.6622
2483	1.083
2484	0.9003
2485	0.7465
2486	0.7465
2487	1.227
2488	1.227
2489	1.227
2490	1.378
2491	1.233
2492	1.198
2493	1.772
2494	1.772
2495	1.772
2496	1.772
2497	0.8231
2498	0.7638
2499	1.156
2500	1.031
1251	6.74
1252	5.648
1253	4.223
1254	3.632
1255	5.703
1256	6.541
1257	6.541
1258	8.327
1259	7.071
1260	5.598
1261	11.23
1262	11.31
1263	11.31
1264	9.889
1265	8.088
1266	6.685
1267	8.285
1268	5.278
1269	6.413
1270	8.937
1271	8.766
1272	6.284
1273	6.93
1274	7.432
1275	7.432
1276	7.64
1277	6.192
1278	9.238
1279	9.238
1280	9.238
1281	10.51
1282	9.039
1283	8.851
1284	8.851
1285	8.851
1286	6.436
1287	7.367
1288	7.367
1289	12.92
1290	12.92
1291	11.54
1292	7.886
1293	8.677
1294	10.95
1295	10.41
1296	12.44
1297	12.44
1298	12.44
1299	12.44
1300	12.44
1301	11.38
1302	12.03
1303	12.03
1304	12.03
1305	9.385
1306	8.977
1307	8.977
1308	8.901
1309	7.382
1310	7.382
1311	6.819
1312	6.828
1313	6.501
1314	6.501
1315	7.766
1316	8.935
1317	8.935
1318	7.482
1319	8.862
1320	6.411
1321	10.13
1322	10.01
1323	6.574
1324	6.763
1325	7.213
1326	9.718
1327	8.422
1328	9.448
1329	8.104
1330	8.104
1331	10.66
1332	10.66
1333	13.37
1334	13.37
1335	10.26
1336	10.26
1337	10.93
1338	6.948
1339	7.303
1340	7.303
1341	11.12
1342	6.74
1343	7.154
1344	5.868
1345	4.886
1346	4.886
1347	6.412
1348	9.283
1349	9.283
1350	7.615
1351	8.951
1352	8.203
1353	8.04
1354	10.72
1355	10.72
1356	10.72
1357	10.72
1358	10.72
1359	10.72
1360	10.72
1361	7.295
1362	10.95
1363	6.911
1364	7.345
1365	9.181
1366	8.815
1367	6.375
1368	5.818
1369	9.536
1370	8.496
1371	11.96
1372	11.96
1373	11.96
1374	11.96
1375	9.953
1376	9.706
1377	6.134
1378	8.852
1379	9.787
1380	9.787
1381	9.24
1382	10.75
1383	10.75
1384	9.757
1385	9.757
1386	9.757
1387	6.75
1388	8.425
1389	10.35
1390	7.337
1391	8.402
1392	5.335
1393	6.561
1394	7.823
1395	6.69
1396	9.171
1397	8.128
1398	7.951
1399	10.36
1400	6.216
1401	7.691
1402	9.484
1403	9.484
1404	9.484
1405	11.69
1406	11.69
1407	11.69
1408	11.69
1409	11.69
1410	8.964
1411	10.34
1412	8.186
1413	5.459
1414	5.43
1415	7.552
1416	10.91
1417	7.284
1418	5.558
1419	5.604
1420	4.49
1421	7.339
1422	10.64
1423	10.64
1424	13.1
1425	9.421
1426	9.421
1427	9.421
1428	9.421
1429	9.421
1430	10.0
1431	6.786
1432	8.866
1433	6.724
1434	8.293
1435	8.06
1436	7.926
1437	6.211
1438	5.871
1439	7.599
1440	11.13
1441	10.15
1442	10.02
1443	9.225
1444	11.09
1445	11.09
1446	11.09
1447	11.09
1448	11.09
1449	11.09
1450	6.432
1451	4.35
1452	4.35
1453	5.63
1454	8.918
1455	8.752
1456	6.989
1457	5.021
1458	5.021
1459	4.945
1460	7.515
1461	7.955
1462	8.199
1463	11.27
1464	11.27
1465	11.27
1466	11.27
1467	11.27
1468	9.988
1469	9.988
1470	9.988
1471	10.68
1472	10.68
1473	10.68
1474	5.535
1475	7.964
1476	11.3
1477	7.981
1478	6.646
1479	12.51
1480	9.563
1481	5.307
1482	5.361
1483	7.502
1484	6.589
1485	6.606
1486	8.961
1487	9.244
1488	10.39
1489	12.75
1490	12.75
1491	12.85
1492	12.85
1493	12.85
1494	12.85
1495	7.74
1496	7.339
1497	7.339
1498	12.04
1499	12.04
1500	12.04
1501	11.49
1502	7.302
1503	6.853
1504	9.161
1505	9.161
1506	7.88
1507	8.247
1508	7.421
1509	5.589
1510	5.589
1511	5.724
1512	5.515
1513	7.594
1514	6.963
1515	10.47
1516	10.47
1517	10.47
1518	10.47
1519	10.47
1520	10.47
1521	8.502
1522	8.502
1523	7.31
1524	9.697
1525	9.548
1526	9.548
1527	8.962
1528	8.095
1529	8.095
1530	9.206
1531	10.57
1532	10.57
1533	10.57
1534	8.268
1535	8.268
1536	7.283
1537	7.964
1538	7.964
1539	7.306
1540	7.708
1541	6.533
1542	9.406
1543	7.929
1544	8.065
1545	9.841
1546	9.841
1547	8.081
1548	4.96
1549	7.384
1550	6.541
1551	7.064
1552	6.929
1553	4.835
1554	5.923
1555	5.923
1556	8.136
1557	8.225
1558	8.484
1559	8.691
1560	9.351
1561	13.95
1562	13.95
1563	13.95
1564	13.95
1565	13.95
1566	13.95
1567	13.95
1568	13.95
1569	13.95
1570	13.95
1571	11.14
1572	11.14
1573	10.06
1574	11.08
1575	11.08
1576	10.69
1577	6.609
1578	8.732
1579	11.59
1580	8.914
1581	8.823
1582	8.493
1583	6.501
1584	7.87
1585	7.166
1586	7.546
1587	7.13
1588	6.576
1589	8.311
1590	8.311
1591	8.23
1592	11.89
1593	11.5
1594	11.04
1595	11.04
1596	11.04
1597	11.04
1598	11.04
1599	11.04
1600	11.04
1601	6.559
1602	10.3
1603	10.3
1604	10.17
1605	10.08
1606	10.08
1607	10.46
1608	7.628
1609	6.195
1610	8.585
1611	10.23
1612	10.23
1613	10.23
1614	10.23
1615	10.87
1616	10.87
1617	12.77
1618	12.77
1619	12.77
1620	12.77
1621	13.66
1622	13.66
1623	13.66
1624	8.701
1625	8.638
1626	8.638
1627	9.469
1628	5.503
1629	4.894
1630	5.503
1631	6.865
1632	9.53
1633	9.53
1634	8.955
1635	8.955
1636	8.955
1637	6.873
1638	11.68
1639	11.68
1640	11.68
1641	11.46
1642	11.46
1643	11.46
1644	8.448
1645	8.448
1646	6.306
1647	8.091
1648	8.731
1649	7.428
1650	8.277
1651	7.337
1652	8.819
1653	13.21
1654	13.21
1655	13.21
1656	13.21
1657	13.21
1658	13.21
1659	13.21
1660	13.21
1661	12.79
1662	12.79
1663	7.35
1664	6.779
1665	5.404
1666	5.994
1667	5.994
1668	6.745
1669	5.418
1670	5.881
1671	6.955
1672	7.549
1673	8.559
1674	7.812
1675	6.679
1676	8.64
1677	9.285
1678	7.211
1679	8.094
1680	8.699
1681	12.43
1682	12.43
1683	12.43
1684	12.43
1685	12.43
1686	9.574
1687	9.574
1688	9.574
1689	9.574
1690	7.329
1691	9.135
1692	9.135
1693	7.434
1694	10.28
1695	10.28
1696	10.28
1697	7.333
1698	7.757
1699	10.83
1700	7.461
1701	7.512
1702	6.08
1703	6.658
1704	10.99
1705	10.99
1706	10.99
1707	10.99
1708	10.99
1709	10.99
1710	7.558
1711	7.191
1712	6.113
1713	7.941
1714	5.039
1715	6.979
1716	6.365
1717	7.953
1718	7.779
1719	11.55
1720	11.55
1721	8.537
1722	8.537
1723	9.351
1724	12.19
1725	12.19
1726	11.59
1727	11.59
1728	11.59
1729	11.59
1730	11.59
1731	8.827
1732	9.214
1733	9.147
1734	9.147
1735	9.147
1736	8.762
1737	8.762
1738	10.4
1739	13.02
1740	13.02
1741	11.26
1742	7.529
1743	9.609
1744	6.524
1745	6.86
1746	7.982
1747	11.4
1748	11.4
1749	9.021
1750	9.788
1751	11.32
1752	8.587
1753	7.929
1754	7.224
1755	7.224
1756	7.396
1757	7.985
1758	7.985
1759	7.586
1760	7.586
1761	6.335
1762	8.127
1763	9.844
1764	7.431
1765	7.431
1766	6.624
1767	9.572
1768	9.572
1769	10.76
1770	10.76
1771	10.45
1772	10.45
1773	7.263
1774	8.237
1775	7.737
1776	5.207
1777	4.469
1778	4.469
1779	5.726
1780	6.695
1781	10.35
1782	10.35
1783	10.35
1784	9.642
1785	7.564
1786	7.564
1787	6.291
1788	8.053
1789	7.793
1790	7.793
1791	6.323
1792	10.1
1793	10.1
1794	9.656
1795	12.12
1796	12.12
1797	12.12
1798	12.12
1799	12.12
1800	12.12
1801	11.58
1802	11.58
1803	7.821
1804	6.774
1805	8.843
1806	8.843
1807	6.067
1808	7.766
1809	10.51
1810	10.51
1811	9.964
1812	9.964
1813	9.964
1814	8.747
1815	10.14
1816	9.588
1817	10.51
1818	10.51
1819	10.6
1820	10.6
1821	10.38
1822	10.38
1823	8.696
1824	7.343
1825	5.248
1826	8.369
1827	8.369
1828	6.614
1829	8.611
1830	9.73
1831	7.514
1832	7.215
1833	9.878
1834	10.65
1835	10.65
1836	7.714
1837	11.2
1838	6.531
1839	6.811
1840	9.428
1841	6.529
1842	8.136
1843	11.12
1844	11.12
1845	7.668
1846	7.902
1847	7.902
1848	5.953
1849	4.825
1850	4.699
1851	7.563
1852	7.563
1853	6.473
1854	5.225
1855	5.225
1856	9.139
1857	9.139
1858	9.652
1859	9.652
1860	8.416
1861	12.01
1862	12.01
1863	12.01
1864	6.148
1865	6.148
1866	7.134
1867	4.824
1868	6.759
1869	4.642
1870	5.478
1871	8.886
1872	8.886
1873	8.886
1874	8.886
1875	8.886
1876	8.886
1877	8.886
1878	8.886
1879	5.93
1880	6.002
1881	9.577
1882	9.763
1883	9.763
1884	9.763
1885	9.763
1886	9.763
1887	9.763
1888	9.763
1889	8.523
1890	6.986
1891	7.12
1892	6.664
1893	10.56
1894	10.56
1895	10.56
1896	10.56
1897	10.56
1898	8.328
1899	9.392
1900	9.392
1901	10.78
1902	10.78
1903	8.282
1904	10.08
1905	10.08
1906	9.979
1907	12.35
1908	8.769
1909	11.7
1910	8.337
1911	9.187
1912	9.187
1913	7.911
1914	4.711
1915	6.907
1916	5.372
1917	8.151
1918	8.151
1919	8.434
1920	8.158
1921	7.18
1922	9.097
1923	9.309
1924	9.926
1925	9.926
1926	5.942
1927	7.858
1928	8.724
1929	8.724
1930	6.391
1931	7.699
1932	9.962
1933	11.24
1934	11.24
1935	11.24
1936	9.53
1937	9.209
1938	8.853
1939	7.107
1940	9.472
1941	10.7
1942	10.7
1943	10.7
1944	10.7
1945	12.26
1946	12.26
1947	10.46
1948	10.23
1949	10.23
1950	10.23
1951	14.18
1952	14.18
1953	14.18
1954	14.18
1955	14.18
1956	8.971
1957	8.971
1958	8.971
1959	8.971
1960	9.331
1961	5.723
1962	4.788
1963	5.759
1964	5.449
1965	5.47
1966	4.921
1967	6.622
1968	6.64
1969	7.702
1970	7.147
1971	5.613
1972	11.24
1973	11.69
1974	11.69
1975	11.69
1976	10.57
1977	10.57
1978	10.73
1979	10.73
1980	9.488
1981	11.26
1982	11.26
1983	11.26
1984	10.73
1985	7.95
1986	5.108
1987	7.612
1988	7.612
1989	10.1
1990	6.336
1991	8.576
1992	7.331
1993	9.514
1994	6.924
1995	6.725
1996	4.91
1997	8.506
1998	8.506
1999	6.708
2000	4.787
2001	7.48
2002	6.974
2003	11.68
2004	11.68
2005	11.51
2006	11.51
2007	11.51
2008	7.492
2009	6.061
2010	8.425
2011	9.31
2012	9.31
2013	9.463
2014	9.089
2015	8.66
2016	8.66
2017	8.66
2018	4.853
2019	8.009
2020	7.956
2021	6.564
2022	8.37
2023	8.943
2024	6.569
2025	6.735
2026	6.791
2027	7.319
2028	11.99
2029	11.99
2030	11.99
2031	9.112
2032	7.763
2033	9.327
2034	10.54
2035	7.709
2036	8.953
2037	6.779
2038	8.403
2039	8.403
2040	6.496
2041	6.463
2042	4.963
2043	5.369
2044	5.369
2045	5.369
2046	6.838
2047	6.254
2048	5.645
2049	8.971
2050	9.319
2051	9.862
2052	9.862
2053	6.861
2054	7.02
2055	8.914
2056	6.585
2057	6.612
2058	6.31
2059	9.173
2060	6.77
2061	4.963
2062	4.963
2063	4.963
2064	5.8
2065	5.351
2066	6.818
2067	10.06
2068	9.731
2069	9.731
2070	11.24
2071	9.659
2072	12.55
2073	12.55
2074	8.795
2075	8.795
2076	8.795
2077	6.028
2078	8.967
2079	5.04
2080	5.637
2081	9.62
2082	9.62
2083	8.769
2084	8.239
2085	7.172
2086	8.603
2087	8.603
2088	8.535
2089	8.535
2090	8.718
2091	8.308
2092	8.292
2093	8.292
2094	8.292
2095	8.292
2096	8.37
2097	6.242
2098	11.0
2099	8.893
2100	8.896
2101	12.28
2102	12.28
2103	12.28
2104	12.28
2105	12.28
2106	8.483
2107	9.175
2108	6.021
2109	8.491
2110	8.881
2111	10.12
2112	9.503
2113	5.425
2114	7.493
2115	8.17
2116	8.559
2117	9.075
2118	10.74
2119	10.74
2120	10.74
2121	10.7
2122	10.7
2123	10.7
2124	10.7
2125	10.7
2126	8.932
2127	9.532
2128	7.796
2129	6.254
2130	8.237
2131	11.15
2132	11.15
2133	11.15
2134	7.952
2135	8.064
2136	8.701
2137	8.701
2138	10.29
2139	10.29
2140	10.29
2141	7.833
2142	8.861
2143	8.861
2144	9.085
2145	8.698
2146	5.93
2147	8.858
2148	8.443
2149	8.443
2150	7.675
2151	8.723
2152	6.521
2153	5.858
2154	4.444
2155	6.067
2156	10.87
2157	6.245
2158	7.142
2159	6.851
2160	5.859
2161	9.289
2162	6.205
2163	12.03
2164	12.03
2165	7.678
2166	9.43
2167	9.43
2168	9.43
2169	7.105
2170	6.393
2171	6.495
2172	6.585
2173	9.598
2174	9.598
2175	10.87
2176	10.87
2177	10.87
2178	10.87
2179	10.87
2180	8.776
2181	13.54
2182	13.54
2183	13.54
2184	13.54
2185	13.54
2186	13.54
2187	13.54
2188	13.54
2189	13.54
2190	13.54
2191	14.47
2192	14.47
2193	14.47
2194	14.47
2195	14.47
2196	14.47
2197	14.47
2198	14.47
2199	14.47
2200	14.47
2201	13.72
2202	13.72
2203	13.72
2204	13.72
2205	13.72
2206	13.72
2207	13.72
2208	13.72
2209	13.72
2210	13.72
2211	14.64
2212	14.64
2213	14.64
2214	14.64
2215	14.64
2216	14.64
2217	14.64
2218	14.64
2219	14.64
2220	14.64
2221	10.97
2222	10.89
2223	6.485
2224	4.591
2225	5.582
2226	6.481
2227	7.321
2228	6.84
2229	8.73
2230	7.649
2231	4.592
2232	7.515
2233	6.126
2234	7.955
2235	7.66
2236	6.6
2237	6.6
2238	6.082
2239	8.073
2240	11.08
2241	12.28
2242	9.316
2243	10.98
2244	10.28
2245	10.28
2246	6.733
2247	6.733
2248	7.595
2249	6.174
2250	6.841
2251	15.74
2252	15.74
2253	15.74
2254	15.74
2255	15.74
2256	15.74
2257	15.74
2258	15.74
2259	15.74
2260	15.74
2261	10.77
2262	10.77
2263	8.863
2264	11.16
2265	11.16
2266	11.16
2267	7.971
2268	8.164
2269	7.202
2270	8.437
2271	6.936
2272	6.2
2273	5.094
2274	7.296
2275	8.259
2276	6.811
2277	12.49
2278	10.17
2279	10.17
2280	10.17
2281	8.033
2282	11.33
2283	13.54
2284	13.54
2285	13.54
2286	13.54
2287	13.54
2288	13.54
2289	13.54
2290	13.54
2291	12.75
2292	12.75
2293	12.75
2294	12.75
2295	12.75
2296	12.75
2297	12.75
2298	12.75
2299	12.75
2300	12.75
2301	11.94
2302	11.94
2303	8.561
2304	11.59
2305	11.59
2306	11.59
2307	11.59
2308	11.59
2309	13.13
2310	7.4
2311	10.67
2312	10.67
2313	8.063
2314	8.059
2315	5.625
2316	8.241
2317	10.29
2318	10.29
2319	6.423
2320	10.19
2321	11.58
2322	11.58
2323	11.58
2324	11.58
2325	11.58
2326	11.58
2327	11.58
2328	11.58
2329	8.106
2330	6.336
2331	7.693
2332	10.88
2333	10.88
2334	10.88
2335	10.88
2336	10.88
2337	11.94
2338	11.94
2339	11.94
2340	7.395
2341	5.874
2342	5.874
2343	5.874
2344	5.874
2345	6.685
2346	9.89
2347	8.356
2348	8.899
2349	8.899
2350	9.431
2351	9.749
2352	9.208
2353	7.429
2354	5.433
2355	7.897
2356	10.03
2357	10.03
2358	9.254
2359	11.07
2360	11.07
2361	10.15
2362	10.15
2363	8.099
2364	8.575
2365	8.488
2366	8.488
2367	8.488
2368	9.554
2369	6.189
2370	9.573
2371	9.288
2372	5.938
2373	7.328
2374	7.655
2375	10.23
2376	10.23
2377	10.23
2378	10.23
2379	9.398
2380	9.398
2381	8.881
2382	6.945
2383	8.919
2384	6.871
2385	6.871
2386	7.19
2387	6.227
2388	6.418
2389	6.879
2390	7.231
2391	6.42
2392	4.914
2393	4.088
2394	5.448
2395	8.238
2396	10.07
2397	9.774
2398	8.558
2399	8.478
2400	6.738
2401	8.676
2402	5.169
2403	5.637
2404	6.3
2405	7.854
2406	7.189
2407	7.459
2408	5.604
2409	7.37
2410	6.421
2411	6.38
2412	7.371
2413	7.112
2414	9.8
2415	12.01
2416	9.912
2417	9.912
2418	9.912
2419	9.912
2420	9.912
2421	5.802
2422	5.685
2423	5.685
2424	4.857
2425	6.827
2426	9.689
2427	9.689
2428	9.689
2429	10.1
2430	10.1
2431	8.4
2432	11.32
2433	11.32
2434	11.32
2435	11.32
2436	11.32
2437	8.999
2438	8.999
2439	8.586
2440	8.679
2441	8.702
2442	6.095
2443	7.816
2444	9.135
2445	8.112
2446	8.699
2447	8.699
2448	7.39
2449	5.589
2450	8.528
2451	9.433
2452	10.57
2453	7.316
2454	8.038
2455	8.95
2456	13.8
2457	13.8
2458	13.8
2459	13.8
2460	13.8
2461	12.82
2462	10.59
2463	10.59
2464	10.59
2465	10.59
2466	5.583
2467	9.12
2468	9.12
2469	9.12
2470	9.192
2471	7.026
2472	7.315
2473	8.872
2474	8.339
2475	8.339
2476	6.237
2477	8.058
2478	7.331
2479	7.749
2480	7.777
2481	7.995
2482	6.154
2483	8.895
2484	8.92
2485	9.125
2486	9.125
2487	10.27
2488	10.27
2489	10.27
2490	9.859
2491	8.355
2492	11.37
2493	10.8
2494	10.8
2495	10.8
2496	10.8
2497	7.097
2498	7.73
2499	6.793
2500	8.152
1251	7.699
1252	8.512
1253	12.52
1254	17.93
1255	8.421
1256	7.841
1257	7.841
1258	7.207
1259	9.712
1260	11.79
1261	10.67
1262	8.978
1263	8.978
1264	8.645
1265	7.802
1266	8.802
1267	7.289
1268	9.139
1269	9.639
1270	7.426
1271	7.487
1272	8.202
1273	7.46
1274	7.222
1275	7.222
1276	7.347
1277	8.109
1278	7.565
1279	7.565
1280	7.565
1281	9.161
1282	8.08
1283	7.438
1284	7.438
1285	7.438
1286	7.656
1287	7.508
1288	7.508
1289	10.83
1290	10.83
1291	10.29
1292	7.244
1293	7.627
1294	9.326
1295	8.379
1296	16.34
1297	16.34
1298	16.34
1299	16.34
1300	16.34
1301	9.61
1302	9.741
1303	9.741
1304	9.741
1305	7.698
1306	8.86
1307	8.86
1308	7.327
1309	7.814
1310	7.814
1311	9.145
1312	8.153
1313	8.573
1314	8.573
1315	7.155
1316	8.05
1317	8.05
1318	7.323
1319	7.744
1320	7.78
1321	11.72
1322	9.021
1323	11.38
1324	7.569
1325	9.244
1326	7.983
1327	7.746
1328	7.929
1329	7.197
1330	7.197
1331	9.424
1332	9.424
1333	12.69
1334	12.69
1335	8.547
1336	8.547
1337	8.655
1338	8.622
1339	7.768
1340	7.768
1341	8.798
1342	7.636
1343	7.491
1344	8.5
1345	11.34
1346	11.34
1347	8.138
1348	7.678
1349	7.678
1350	7.241
1351	7.897
1352	9.158
1353	9.938
1354	8.436
1355	8.436
1356	8.436
1357	8.436
1358	8.436
1359	8.436
1360	8.436
1361	8.945
1362	10.3
1363	7.725
1364	11.05
1365	8.434
1366	7.896
1367	8.613
1368	17.27
1369	8.444
1370	23.25
1371	9.896
1372	9.896
1373	9.896
1374	9.896
1375	10.41
1376	11.24
1377	8.146
1378	10.32
1379	8.995
1380	8.995
1381	7.562
1382	9.356
1383	9.356
1384	11.06
1385	11.06
1386	11.06
1387	8.3
1388	7.665
1389	10.03
1390	8.489
1391	7.443
1392	13.34
1393	7.655
1394	8.882
1395	10.61
1396	7.49
1397	7.981
1398	7.197
1399	9.289
1400	8.282
1401	7.167
1402	10.77
1403	10.77
1404	10.77
1405	9.584
1406	9.584
1407	9.584
1408	9.584
1409	9.584
1410	7.942
1411	8.577
1412	7.303
1413	8.801
1414	10.08
1415	8.372
1416	9.252
1417	7.229
1418	9.195
1419	13.17
1420	10.93
1421	9.67
1422	8.491
1423	8.491
1424	12.14
1425	7.543
1426	7.543
1427	7.543
1428	7.543
1429	7.543
1430	8.868
1431	15.87
1432	8.41
1433	8.142
1434	8.028
1435	8.41
1436	7.789
1437	9.057
1438	8.426
1439	7.166
1440	11.08
1441	8.386
1442	7.907
1443	7.45
1444	9.408
1445	9.408
1446	9.408
1447	9.408
1448	9.408
1449	9.408
1450	9.687
1451	11.39
1452	11.39
1453	9.539
1454	9.283
1455	7.672
1456	7.491
1457	9.809
1458	9.809
1459	9.743
1460	7.687
1461	7.937
1462	7.679
1463	9.504
1464	9.504
1465	9.504
1466	9.504
1467	9.504
1468	8.12
1469	8.12
1470	8.12
1471	8.452
1472	8.452
1473	8.452
1474	8.642
1475	7.16
1476	8.99
1477	8.444
1478	7.554
1479	11.63
1480	8.321
1481	9.355
1482	10.3
1483	7.766
1484	8.056
1485	7.657
1486	9.678
1487	11.59
1488	8.155
1489	10.8
1490	10.8
1491	12.25
1492	12.25
1493	12.25
1494	12.25
1495	9.158
1496	7.824
1497	7.824
1498	11.37
1499	11.37
1500	11.37
1501	9.206
1502	7.547
1503	9.633
1504	7.514
1505	7.514
1506	7.439
1507	7.222
1508	8.222
1509	8.699
1510	8.699
1511	8.37
1512	9.635
1513	8.376
1514	7.348
1515	8.741
1516	8.741
1517	8.741
1518	8.741
1519	8.741
1520	8.741
1521	7.217
1522	7.217
1523	7.494
1524	7.73
1525	7.653
1526	7.653
1527	8.79
1528	9.464
1529	9.464
1530	7.445
1531	8.417
1532	8.417
1533	8.417
1534	7.632
1535	7.632
1536	7.254
1537	7.255
1538	7.255
1539	8.352
1540	8.238
1541	11.27
1542	8.081
1543	8.502
1544	9.596
1545	7.784
1546	7.784
1547	7.153
1548	12.65
1549	9.0
1550	7.577
1551	7.311
1552	7.356
1553	12.03
1554	9.071
1555	9.071
1556	7.748
1557	7.182
1558	7.454
1559	8.691
1560	8.354
1561	12.46
1562	12.46
1563	12.46
1564	12.46
1565	12.46
1566	12.46
1567	12.46
1568	12.46
1569	12.46
1570	12.46
1571	11.52
1572	11.52
1573	8.766
1574	9.549
1575	9.549
1576	9.513
1577	7.85
1578	7.917
1579	11.64
1580	9.703
1581	9.038
1582	7.241
1583	7.728
1584	7.863
1585	8.16
1586	7.18
1587	7.512
1588	7.551
1589	7.203
1590	7.203
1591	8.009
1592	9.781
1593	12.5
1594	11.32
1595	11.32
1596	11.32
1597	11.32
1598	11.32
1599	11.32
1600	11.32
1601	7.746
1602	9.603
1603	9.603
1604	8.229
1605	7.949
1606	7.949
1607	8.205
1608	12.83
1609	8.313
1610	7.347
1611	9.289
1612	9.289
1613	9.289
1614	9.289
1615	8.97
1616	8.97
1617	10.89
1618	10.89
1619	10.89
1620	10.89
1621	11.75
1622	11.75
1623	11.75
1624	8.12
1625	7.397
1626	7.397
1627	8.243
1628	9.077
1629	11.1
1630	8.843
1631	9.127
1632	8.046
1633	8.046
1634	8.589
1635	8.589
1636	8.589
1637	7.403
1638	10.53
1639	10.53
1640	10.53
1641	12.06
1642	12.06
1643	12.06
1644	7.2
1645	7.2
1646	7.847
1647	8.777
1648	7.554
1649	10.27
1650	10.49
1651	7.215
1652	7.316
1653	13.42
1654	13.42
1655	13.42
1656	13.42
1657	13.42
1658	13.42
1659	13.42
1660	13.42
1661	12.14
1662	12.14
1663	7.338
1664	8.074
1665	9.46
1666	8.53
1667	8.53
1668	7.485
1669	9.369
1670	8.343
1671	7.895
1672	7.479
1673	9.207
1674	7.198
1675	7.66
1676	8.234
1677	7.49
1678	7.254
1679	10.73
1680	8.525
1681	10.69
1682	10.69
1683	10.69
1684	10.69
1685	10.69
1686	7.705
1687	7.705
1688	7.705
1689	7.705
1690	10.51
1691	7.412
1692	7.412
1693	7.198
1694	10.3
1695	10.3
1696	10.3
1697	7.531
1698	9.46
1699	9.704
1700	8.193
1701	8.278
1702	8.219
1703	10.1
1704	9.973
1705	9.973
1706	9.973
1707	9.973
1708	9.973
1709	9.973
1710	8.226
1711	8.362
1712	8.886
1713	7.158
1714	11.25
1715	8.111
1716	7.802
1717	9.452
1718	7.212
1719	11.82
1720	11.82
1721	7.516
1722	7.516
1723	7.807
1724	10.57
1725	10.57
1726	9.976
1727	9.976
1728	9.976
1729	9.976
1730	9.976
1731	7.364
1732	8.355
1733	8.872
1734	8.872
1735	8.872
1736	8.567
1737	8.567
1738	8.162
1739	11.55
1740	11.55
1741	9.064
1742	7.253
1743	8.583
1744	7.721
1745	8.244
1746	7.15
1747	9.273
1748	9.273
1749	7.365
1750	11.25
1751	11.4
1752	7.606
1753	7.355
1754	7.44
1755	7.44
1756	7.236
1757	8.986
1758	8.986
1759	11.43
1760	11.43
1761	8.041
1762	7.518
1763	8.035
1764	10.4
1765	10.4
1766	7.786
1767	12.2
1768	12.2
1769	8.572
1770	8.572
1771	11.17
1772	11.17
1773	8.897
1774	7.171
1775	9.122
1776	12.62
1777	11.9
1778	11.9
1779	8.596
1780	10.38
1781	11.64
1782	11.64
1783	11.64
1784	11.01
1785	7.172
1786	7.172
1787	8.143
1788	7.527
1789	7.586
1790	7.586
1791	8.374
1792	7.957
1793	7.957
1794	8.319
1795	10.35
1796	10.35
1797	10.35
1798	10.35
1799	10.35
1800	10.35
1801	9.316
1802	9.316
1803	9.694
1804	8.469
1805	8.931
1806	8.931
1807	9.238
1808	7.394
1809	8.296
1810	8.296
1811	7.866
1812	7.866
1813	7.866
1814	8.0
1815	7.969
1816	7.797
1817	8.923
1818	8.923
1819	8.717
1820	8.717
1821	8.506
1822	8.506
1823	8.07
1824	7.214
1825	9.291
1826	7.692
1827	7.692
1828	10.92
1829	8.33
1830	8.011
1831	7.384
1832	7.466
1833	8.008
1834	8.407
1835	8.407
1836	8.619
1837	14.52
1838	7.599
1839	7.428
1840	7.805
1841	7.836
1842	8.308
1843	9.425
1844	9.425
1845	7.562
1846	7.2
1847	7.2
1848	10.59
1849	10.11
1850	11.82
1851	12.66
1852	12.66
1853	7.98
1854	9.81
1855	9.81
1856	9.136
1857	9.136
1858	8.431
1859	8.431
1860	7.317
1861	10.46
1862	10.46
1863	10.46
1864	8.125
1865	8.125
1866	7.694
1867	10.85
1868	7.476
1869	11.81
1870	9.144
1871	14.07
1872	14.07
1873	14.07
1874	14.07
1875	14.07
1876	14.07
1877	14.07
1878	14.07
1879	8.837
1880	9.135
1881	7.852
1882	7.815
1883	7.815
1884	7.815
1885	7.815
1886	7.815
1887	7.815
1888	7.815
1889	7.379
1890	8.705
1891	7.486
1892	10.64
1893	8.311
1894	8.311
1895	8.311
1896	8.311
1897	8.311
1898	11.24
1899	9.016
1900	9.016
1901	9.063
1902	9.063
1903	7.439
1904	8.271
1905	8.271
1906	9.398
1907	11.45
1908	9.342
1909	9.445
1910	7.236
1911	9.649
1912	9.649
1913	8.98
1914	11.53
1915	8.668
1916	9.086
1917	7.582
1918	7.582
1919	8.864
1920	8.79
1921	8.124
1922	9.03
1923	11.91
1924	10.09
1925	10.09
1926	10.77
1927	8.675
1928	9.465
1929	9.465
1930	7.871
1931	8.506
1932	7.893
1933	10.1
1934	10.1
1935	10.1
1936	7.626
1937	7.855
1938	7.74
1939	7.646
1940	9.577
1941	9.003
1942	9.003
1943	9.003
1944	9.003
1945	10.22
1946	10.22
1947	8.339
1948	8.033
1949	8.033
1950	8.033
1951	12.65
1952	12.65
1953	12.65
1954	12.65
1955	12.65
1956	10.32
1957	10.32
1958	10.32
1959	10.32
1960	7.72
1961	8.83
1962	11.22
1963	9.109
1964	9.502
1965	9.952
1966	10.29
1967	7.825
1968	7.739
1969	8.246
1970	7.625
1971	8.552
1972	9.101
1973	9.595
1974	9.595
1975	9.595
1976	8.292
1977	8.292
1978	8.75
1979	8.75
1980	8.137
1981	9.35
1982	9.35
1983	9.35
1984	8.543
1985	7.746
1986	10.02
1987	13.86
1988	13.86
1989	8.264
1990	7.914
1991	12.14
1992	7.977
1993	7.595
1994	7.421
1995	8.112
1996	9.821
1997	8.229
1998	8.229
1999	8.247
2000	10.29
2001	7.198
2002	7.375
2003	9.601
2004	9.601
2005	9.17
2006	9.17
2007	9.17
2008	7.315
2009	8.011
2010	15.0
2011	7.667
2012	7.667
2013	7.682
2014	7.555
2015	7.99
2016	7.99
2017	7.99
2018	10.04
2019	7.5
2020	7.318
2021	7.934
2022	7.216
2023	8.971
2024	7.697
2025	7.755
2026	7.439
2027	7.932
2028	10.42
2029	10.42
2030	10.42
2031	8.976
2032	8.672
2033	7.887
2034	8.634
2035	9.374
2036	7.39
2037	14.2
2038	8.164
2039	8.164
2040	7.662
2041	8.995
2042	13.5
2043	14.18
2044	14.18
2045	14.18
2046	10.05
2047	8.912
2048	8.491
2049	10.09
2050	7.492
2051	8.053
2052	8.053
2053	7.435
2054	7.377
2055	7.421
2056	7.544
2057	7.582
2058	9.236
2059	9.145
2060	11.49
2061	10.38
2062	10.38
2063	10.38
2064	9.668
2065	8.985
2066	8.589
2067	7.913
2068	7.79
2069	7.79
2070	9.216
2071	7.67
2072	10.49
2073	10.49
2074	8.518
2075	8.518
2076	8.518
2077	9.585
2078	11.03
2079	9.742
2080	8.724
2081	11.57
2082	11.57
2083	7.293
2084	7.389
2085	9.51
2086	7.365
2087	7.365
2088	8.578
2089	8.578
2090	8.572
2091	7.182
2092	11.29
2093	11.29
2094	11.29
2095	11.29
2096	7.189
2097	8.127
2098	8.689
2099	7.321
2100	7.417
2101	11.3
2102	11.3
2103	11.3
2104	11.3
2105	11.3
2106	7.74
2107	7.427
2108	8.967
2109	7.467
2110	7.746
2111	7.956
2112	7.597
2113	9.716
2114	9.448
2115	16.38
2116	7.241
2117	8.453
2118	8.502
2119	8.502
2120	8.502
2121	8.442
2122	8.442
2123	8.442
2124	8.442
2125	8.442
2126	7.577
2127	8.404
2128	7.149
2129	8.27
2130	9.309
2131	9.363
2132	9.363
2133	9.363
2134	7.162
2135	7.151
2136	10.02
2137	10.02
2138	12.17
2139	12.17
2140	12.17
2141	7.648
2142	12.79
2143	12.79
2144	8.361
2145	8.159
2146	8.165
2147	10.14
2148	7.28
2149	7.28
2150	7.175
2151	7.332
2152	8.209
2153	8.202
2154	11.09
2155	13.63
2156	8.632
2157	7.925
2158	8.184
2159	7.419
2160	8.302
2161	7.835
2162	8.199
2163	9.686
2164	9.686
2165	7.179
2166	10.52
2167	10.52
2168	10.52
2169	7.475
2170	10.37
2171	7.635
2172	10.5
2173	9.708
2174	9.708
2175	8.778
2176	8.778
2177	8.778
2178	8.778
2179	8.778
2180	7.282
2181	12.74
2182	12.74
2183	12.74
2184	12.74
2185	12.74
2186	12.74
2187	12.74
2188	12.74
2189	12.74
2190	12.74
2191	12.96
2192	12.96
2193	12.96
2194	12.96
2195	12.96
2196	12.96
2197	12.96
2198	12.96
2199	12.96
2200	12.96
2201	16.59
2202	16.59
2203	16.59
2204	16.59
2205	16.59
2206	16.59
2207	16.59
2208	16.59
2209	16.59
2210	16.59
2211	14.47
2212	14.47
2213	14.47
2214	14.47
2215	14.47
2216	14.47
2217	14.47
2218	14.47
2219	14.47
2220	14.47
2221	10.54
2222	9.247
2223	8.887
2224	11.46
2225	11.01
2226	7.617
2227	7.246
2228	8.922
2229	11.75
2230	7.171
2231	10.64
2232	7.248
2233	8.506
2234	8.028
2235	8.421
2236	9.483
2237	9.483
2238	8.25
2239	7.212
2240	9.324
2241	10.54
2242	8.792
2243	8.69
2244	8.265
2245	8.265
2246	7.653
2247	7.653
2248	7.195
2249	8.94
2250	7.543
2251	19.32
2252	19.32
2253	19.32
2254	19.32
2255	19.32
2256	19.32
2257	19.32
2258	19.32
2259	19.32
2260	19.32
2261	11.66
2262	11.66
2263	7.888
2264	9.876
2265	9.876
2266	9.876
2267	7.162
2268	7.341
2269	8.175
2270	8.402
2271	11.18
2272	7.878
2273	10.0
2274	8.065
2275	7.171
2276	7.418
2277	10.22
2278	11.2
2279	11.2
2280	11.2
2281	8.621
2282	8.976
2283	12.35
2284	12.35
2285	12.35
2286	12.35
2287	12.35
2288	12.35
2289	12.35
2290	12.35
2291	14.15
2292	14.15
2293	14.15
2294	14.15
2295	14.15
2296	14.15
2297	14.15
2298	14.15
2299	14.15
2300	14.15
2301	16.21
2302	16.21
2303	7.261
2304	9.967
2305	9.967
2306	9.967
2307	9.967
2308	9.967
2309	14.01
2310	7.289
2311	8.505
2312	8.505
2313	7.19
2314	7.151
2315	9.918
2316	7.189
2317	13.03
2318	13.03
2319	8.068
2320	12.45
2321	9.752
2322	9.752
2323	9.752
2324	9.752
2325	9.752
2326	9.752
2327	9.752
2328	9.752
2329	7.975
2330	8.569
2331	7.909
2332	8.768
2333	8.768
2334	8.768
2335	8.768
2336	8.768
2337	9.92
2338	9.92
2339	9.92
2340	12.62
2341	8.964
2342	8.964
2343	8.964
2344	8.964
2345	7.886
2346	7.804
2347	7.617
2348	7.596
2349	7.596
2350	7.73
2351	7.849
2352	7.653
2353	10.89
2354	9.932
2355	12.76
2356	8.072
2357	8.072
2358	7.465
2359	8.811
2360	8.811
2361	7.972
2362	7.972
2363	9.977
2364	7.4
2365	7.832
2366	7.832
2367	7.832
2368	7.745
2369	8.324
2370	7.744
2371	7.529
2372	8.161
2373	8.115
2374	11.92
2375	9.439
2376	9.439
2377	9.439
2378	9.439
2379	7.532
2380	7.532
2381	8.025
2382	8.031
2383	8.951
2384	8.186
2385	8.186
2386	7.337
2387	7.913
2388	7.682
2389	7.426
2390	7.257
2391	8.008
2392	10.25
2393	13.62
2394	9.395
2395	7.188
2396	8.028
2397	8.084
2398	9.56
2399	7.306
2400	9.885
2401	8.431
2402	10.75
2403	8.488
2404	7.767
2405	8.987
2406	7.458
2407	10.74
2408	9.331
2409	13.66
2410	8.232
2411	9.602
2412	9.853
2413	7.511
2414	7.94
2415	9.961
2416	7.83
2417	7.83
2418	7.83
2419	7.83
2420	7.83
2421	9.714
2422	8.771
2423	8.771
2424	12.41
2425	7.462
2426	8.998
2427	8.998
2428	8.998
2429	15.63
2430	15.63
2431	7.192
2432	10.61
2433	10.61
2434	10.61
2435	10.61
2436	10.61
2437	9.842
2438	9.842
2439	10.79
2440	7.727
2441	8.122
2442	8.627
2443	7.213
2444	9.08
2445	8.218
2446	7.548
2447	7.548
2448	9.812
2449	8.574
2450	8.854
2451	8.574
2452	10.42
2453	7.485
2454	8.405
2455	8.834
2456	12.01
2457	12.01
2458	12.01
2459	12.01
2460	12.01
2461	12.14
2462	8.335
2463	8.335
2464	8.335
2465	8.335
2466	8.713
2467	8.975
2468	8.975
2469	8.975
2470	7.788
2471	7.893
2472	7.228
2473	7.414
2474	8.185
2475	8.185
2476	7.856
2477	7.642
2478	7.319
2479	7.998
2480	7.161
2481	7.163
2482	7.924
2483	7.359
2484	7.465
2485	8.252
2486	8.252
2487	8.062
2488	8.062
2489	8.062
2490	8.222
2491	8.02
2492	9.207
2493	10.46
2494	10.46
2495	10.46
2496	10.46
2497	7.343
2498	7.22
2499	9.611
2500	7.302
