1251	-0.1027
1252	-0.07342
1253	-0.09712
1254	-0.111
1255	-0.1408
1256	-0.1408
1257	-0.1263
1258	-0.1263
1259	-0.1219
1260	-0.1219
1261	-0.1135
1262	-0.08672
1263	-0.1277
1264	-0.06518
1265	0.006524
1266	0.006524
1267	-0.1197
1268	-0.1197
1269	-0.08649
1270	-0.1505
1271	-0.1495
1272	-0.2005
1273	-0.2005
1274	-0.2005
1275	-0.2005
1276	-0.1496
1277	-0.1029
1278	-0.04225
1279	-0.131
1280	-0.05958
1281	-0.1957
1282	-0.01773
1283	-0.121
1284	-0.112
1285	-0.1259
1286	-0.1259
1287	-0.1259
1288	-0.1259
1289	-0.1259
1290	-0.1649
1291	-0.08407
1292	-0.144
1293	-0.144
1294	-0.1172
1295	-0.08543
1296	-0.1546
1297	-0.05631
1298	-0.05631
1299	-0.05631
1300	-0.06765
1301	-0.06798
1302	-0.06798
1303	-0.07597
1304	-0.1056
1305	-0.1349
1306	-0.1253
1307	-0.07105
1308	-0.1041
1309	-0.1635
1310	-0.1635
1311	-0.1435
1312	-0.1178
1313	-0.09553
1314	-0.03031
1315	-0.1019
1316	-0.137
1317	-0.1236
1318	-0.1227
1319	-0.1227
1320	-0.1227
1321	-0.07484
1322	-0.07484
1323	-0.1381
1324	-0.08767
1325	-0.0924
1326	-0.09105
1327	-0.1395
1328	-0.1254
1329	-0.1254
1330	-0.1326
1331	-0.09252
1332	-0.1132
1333	-0.1132
1334	-0.09598
1335	-0.1457
1336	-0.08266
1337	-0.1579
1338	-0.1714
1339	-0.1714
1340	-0.1714
1341	-0.1185
1342	-0.09237
1343	-0.08164
1344	-0.1102
1345	-0.1282
1346	-0.1211
1347	-0.148
1348	-0.1014
1349	-0.1201
1350	-0.1201
1351	-0.09184
1352	-0.1192
1353	-0.08183
1354	-0.1484
1355	-0.1254
1356	-0.1254
1357	-0.1339
1358	-0.05212
1359	-0.09287
1360	-0.03647
1361	-0.1001
1362	-0.1001
1363	-0.1144
1364	-0.09187
1365	-0.1232
1366	-0.1598
1367	-0.1598
1368	-0.1598
1369	-0.1598
1370	-0.1546
1371	-0.1868
1372	-0.1392
1373	-0.1392
1374	-0.09254
1375	-0.1502
1376	-0.1502
1377	-0.09765
1378	-0.08929
1379	-0.02402
1380	-0.0907
1381	-0.09693
1382	-0.08523
1383	-0.1424
1384	-0.115
1385	-0.2045
1386	-0.0581
1387	-0.08539
1388	-0.1084
1389	-0.1084
1390	-0.1084
1391	-0.1001
1392	-0.1264
1393	-0.1624
1394	-0.1144
1395	-0.1001
1396	-0.06892
1397	-0.1207
1398	-0.1084
1399	-0.03053
1400	-0.1376
1401	-0.152
1402	-0.04998
1403	-0.08722
1404	-0.09024
1405	-0.1145
1406	-0.1429
1407	-0.1131
1408	-0.1131
1409	-0.1131
1410	-0.103
1411	-0.07239
1412	-0.1203
1413	-0.1745
1414	-0.1745
1415	-0.01521
1416	-0.09248
1417	-0.1649
1418	-0.07675
1419	-0.1345
1420	-0.1345
1421	-0.1389
1422	-0.1176
1423	-0.1176
1424	-0.1316
1425	-0.1231
1426	-0.09668
1427	-0.06852
1428	-0.1346
1429	-0.1395
1430	-0.1284
1431	-0.1054
1432	-0.1148
1433	-0.1148
1434	-0.1139
1435	-0.1097
1436	-0.1191
1437	-0.1046
1438	-0.1046
1439	-0.08859
1440	-0.08859
1441	-0.1423
1442	-0.06061
1443	-0.106
1444	-0.04854
1445	-0.2161
1446	-0.1616
1447	-0.1011
1448	-0.0902
1449	-0.03942
1450	-0.1621
1451	-0.1257
1452	-0.08635
1453	-0.1447
1454	-0.1447
1455	-0.1447
1456	-0.116
1457	-0.113
1458	-0.124
1459	-0.1103
1460	-0.131
1461	-0.05829
1462	-0.0173
1463	-0.1761
1464	-0.05058
1465	-0.09273
1466	-0.04869
1467	-0.106
1468	-0.106
1469	-0.09834
1470	-0.1322
1471	-0.1074
1472	-0.1631
1473	-0.1631
1474	-0.1029
1475	-0.1029
1476	-0.1264
1477	-0.1264
1478	-0.1264
1479	-0.1264
1480	-0.1117
1481	-0.1445
1482	-0.04073
1483	-0.1209
1484	-0.07655
1485	-0.1209
1486	-0.1126
1487	-0.1251
1488	-0.1251
1489	-0.1251
1490	-0.08919
1491	-0.07845
1492	-0.131
1493	-0.1034
1494	-0.1034
1495	-0.09471
1496	-0.1358
1497	-0.0966
1498	-0.1257
1499	-0.1257
1500	-0.1257
1501	-0.1064
1502	-0.05863
1503	-0.08433
1504	-0.1478
1505	-0.1478
1506	-0.1478
1507	-0.02198
1508	-0.1394
1509	-0.1788
1510	-0.1788
1511	-0.07702
1512	-0.06954
1513	-0.06265
1514	-0.1322
1515	-0.13
1516	-0.09455
1517	-0.1521
1518	-0.06861
1519	-0.1436
1520	-0.05737
1521	-0.1566
1522	-0.1676
1523	-0.1809
1524	-0.1951
1525	-0.09389
1526	-0.1416
1527	-0.1143
1528	-0.1143
1529	-0.06835
1530	-0.06835
1531	-0.1035
1532	-0.1081
1533	-0.1071
1534	-0.1071
1535	-0.0519
1536	-0.0519
1537	-0.1032
1538	-0.1032
1539	-0.06119
1540	-0.05824
1541	-0.1388
1542	-0.1674
1543	-0.1674
1544	-0.06016
1545	-0.06016
1546	-0.06727
1547	-0.08209
1548	-0.08209
1549	-0.01497
1550	-0.1297
1551	-0.09743
1552	-0.01515
1553	-0.09799
1554	-0.01544
1555	-0.123
1556	-0.1105
1557	-0.05218
1558	-0.05218
1559	-0.1368
1560	-0.1541
1561	-0.1182
1562	-0.08611
1563	-0.09872
1564	-4.931E-4
1565	-0.132
1566	-0.1189
1567	-0.06774
1568	-0.08723
1569	-0.1297
1570	-0.1297
1571	-0.1041
1572	-0.1196
1573	-0.1196
1574	-0.124
1575	-0.05578
1576	-0.05578
1577	-0.1067
1578	-0.1744
1579	-0.01925
1580	-0.04489
1581	-0.09427
1582	-0.09427
1583	-0.09427
1584	-0.07982
1585	-0.0759
1586	-0.0759
1587	-0.0759
1588	-0.0759
1589	-0.0759
1590	-0.07023
1591	-0.07574
1592	-0.06513
1593	-0.1215
1594	-0.1215
1595	-0.1337
1596	-0.135
1597	-0.08093
1598	-0.129
1599	-0.129
1600	-0.06804
1601	-0.02858
1602	0.1006
1603	-0.06007
1604	-0.06007
1605	-0.02673
1606	-0.1233
1607	-0.09284
1608	-0.09284
1609	-0.07231
1610	-0.167
1611	-0.07191
1612	-0.1252
1613	-0.1252
1614	-0.1252
1615	-0.1252
1616	-0.05214
1617	-0.1012
1618	-0.03926
1619	-0.1705
1620	-0.1467
1621	-0.1161
1622	-0.1161
1623	-0.1161
1624	-0.1161
1625	-0.1065
1626	-0.1132
1627	-0.1132
1628	-0.1132
1629	-0.1132
1630	-0.1556
1631	-0.1048
1632	-0.1048
1633	-0.1186
1634	-0.07855
1635	-0.1295
1636	-0.1128
1637	-0.159
1638	-0.159
1639	-0.01621
1640	-0.01621
1641	-0.02926
1642	-0.02926
1643	-0.03339
1644	-0.00663
1645	-0.1447
1646	-0.1363
1647	-0.154
1648	-0.0579
1649	-0.1323
1650	-0.117
1651	-0.1318
1652	-0.09144
1653	-0.1209
1654	-0.1256
1655	-0.1341
1656	-0.165
1657	-0.1132
1658	-0.07733
1659	-0.09194
1660	-0.06986
1661	-0.06943
1662	-0.1195
1663	-0.1619
1664	-0.1619
1665	-0.1619
1666	-0.1619
1667	-0.1619
1668	-0.1133
1669	-0.09089
1670	-0.09089
1671	-0.07971
1672	-0.07971
1673	-0.07971
1674	-0.07971
1675	-0.1155
1676	-0.1823
1677	-0.1415
1678	-0.1513
1679	-0.1361
1680	-0.1361
1681	-0.07964
1682	-0.07964
1683	-0.07964
1684	-0.118
1685	-0.1607
1686	-0.1275
1687	-0.1187
1688	-0.1261
1689	-0.1136
1690	-0.1605
1691	-0.197
1692	-0.197
1693	-0.166
1694	-0.116
1695	-0.116
1696	-0.1627
1697	-0.07572
1698	-0.09682
1699	-0.09682
1700	-0.06231
1701	-0.03953
1702	-0.03953
1703	-0.1183
1704	-0.1342
1705	-0.1342
1706	-0.102
1707	-0.102
1708	-0.102
1709	-0.1101
1710	-0.1528
1711	-0.1752
1712	-0.113
1713	-0.1195
1714	-0.1431
1715	-0.1431
1716	-0.1251
1717	-0.1104
1718	-0.14
1719	-0.1482
1720	-0.1243
1721	-0.09789
1722	-0.1277
1723	-0.1315
1724	-0.1239
1725	-0.107
1726	-0.107
1727	-0.06854
1728	-0.06854
1729	-0.1241
1730	-0.07527
1731	-0.0734
1732	-0.08124
1733	-0.0709
1734	-0.0709
1735	-0.1098
1736	-0.09127
1737	-0.09127
1738	-0.1155
1739	-0.1155
1740	-0.1391
1741	-0.1677
1742	-0.0823
1743	-0.1097
1744	-0.2059
1745	-0.1267
1746	-0.1768
1747	-0.1768
1748	-0.09429
1749	-0.09429
1750	-0.1506
1751	-0.1917
1752	-0.1671
1753	-0.1048
1754	-0.09298
1755	-0.1912
1756	-0.008085
1757	-0.1353
1758	-0.1421
1759	-0.1045
1760	-0.08869
1761	0.0498
1762	-0.1864
1763	-0.157
1764	-0.07415
1765	-0.1398
1766	-0.1511
1767	-0.1094
1768	-0.1275
1769	-0.09656
1770	-0.07078
1771	-0.07848
1772	-0.1414
1773	-0.1414
1774	-0.1212
1775	-0.05398
1776	-0.1643
1777	-0.1643
1778	-0.04391
1779	-0.0916
1780	-0.1152
1781	-0.1323
1782	-0.1355
1783	-0.1235
1784	-0.08598
1785	-0.1181
1786	-0.1166
1787	-0.1824
1788	-0.1824
1789	-0.1824
1790	-0.1824
1791	-0.1801
1792	-0.1287
1793	-0.1156
1794	-0.1156
1795	-0.1156
1796	-0.1533
1797	-0.1533
1798	-0.09712
1799	-0.09965
1800	-0.09965
1801	-0.06769
1802	-0.1106
1803	-0.1106
1804	-0.0577
1805	-0.0577
1806	-0.0577
1807	-0.0577
1808	-0.0577
1809	-0.1539
1810	-0.1539
1811	-0.1071
1812	-0.117
1813	-0.1561
1814	-0.05858
1815	0.04268
1816	-0.05798
1817	-0.1339
1818	-0.1064
1819	-0.1669
1820	-0.09528
1821	-0.1054
1822	-0.1054
1823	-0.1054
1824	-0.1507
1825	-0.04314
1826	-0.122
1827	-0.1232
1828	-0.1124
1829	-0.08588
1830	-0.1066
1831	-0.1488
1832	-0.1118
1833	-0.08378
1834	-0.1317
1835	-0.1319
1836	-0.1234
1837	-0.1012
1838	-0.1012
1839	-0.1232
1840	-0.1232
1841	-0.09645
1842	-0.08099
1843	-0.1261
1844	-0.1307
1845	-0.1207
1846	-0.1339
1847	-0.0887
1848	-0.05479
1849	-0.1069
1850	-0.1069
1851	-0.03845
1852	-0.05187
1853	-0.1902
1854	-0.06259
1855	-0.1007
1856	-0.1707
1857	-0.06916
1858	-0.09523
1859	-0.0553
1860	-0.1664
1861	-0.08325
1862	-0.1616
1863	-0.1601
1864	-0.1269
1865	-0.1358
1866	-0.1648
1867	-0.1648
1868	-0.1245
1869	-0.08437
1870	-0.08437
1871	-0.1585
1872	-0.09731
1873	-0.08896
1874	-0.09509
1875	-0.1189
1876	-0.1189
1877	-0.1346
1878	-0.08055
1879	-0.08055
1880	-0.07039
1881	-0.08518
1882	-0.1165
1883	-0.1165
1884	-0.1023
1885	-0.1023
1886	-0.07022
1887	-0.1618
1888	-0.01879
1889	-0.1167
1890	-0.09926
1891	-0.1019
1892	-0.1054
1893	-0.1054
1894	-0.1054
1895	-0.08772
1896	-0.1753
1897	-0.06286
1898	-0.1093
1899	-0.141
1900	-0.1569
1901	-0.07494
1902	-0.1491
1903	-0.1734
1904	-0.1734
1905	-0.1734
1906	-0.1495
1907	-0.1579
1908	-0.1373
1909	-0.1057
1910	-0.1101
1911	-0.1438
1912	-0.1114
1913	-0.1114
1914	-0.1651
1915	-0.1651
1916	-0.1651
1917	-0.1651
1918	-0.06244
1919	-0.0588
1920	-0.09738
1921	-0.1131
1922	-0.1131
1923	-0.1018
1924	-0.1424
1925	-0.08974
1926	-0.1244
1927	-0.02969
1928	-0.1276
1929	-0.07757
1930	-0.2278
1931	-0.0815
1932	-0.2104
1933	-0.09589
1934	-7.945E-4
1935	-0.1191
1936	-0.1292
1937	-0.1292
1938	-0.09511
1939	-0.1136
1940	-0.1136
1941	-0.1645
1942	-0.08644
1943	-0.1123
1944	4.289E-4
1945	4.289E-4
1946	-0.1089
1947	-0.05668
1948	-0.1128
1949	-0.1286
1950	-0.1286
1951	-0.0753
1952	-0.0753
1953	-0.0753
1954	-0.06658
1955	-0.07173
1956	-0.174
1957	-0.174
1958	-0.11
1959	-0.1082
1960	-0.1082
1961	-0.1792
1962	-0.1792
1963	-0.1792
1964	-0.1792
1965	-0.1792
1966	-0.1792
1967	-0.1792
1968	-0.1792
1969	-0.1792
1970	-0.1048
1971	-0.08774
1972	-0.08484
1973	-0.1998
1974	-0.05778
1975	-0.1135
1976	-0.07507
1977	-0.07507
1978	-0.05412
1979	-0.1062
1980	-0.1476
1981	-0.1306
1982	-0.1306
1983	-0.117
1984	-0.1061
1985	-0.1307
1986	-0.1369
1987	-0.07923
1988	-0.07923
1989	-0.05562
1990	-0.1142
1991	-0.1327
1992	-0.1065
1993	-0.2061
1994	-0.1174
1995	-0.09075
1996	-0.09075
1997	-0.02848
1998	-0.01692
1999	-0.1128
2000	-0.1128
2001	-0.06948
2002	-0.06948
2003	-0.1377
2004	-0.2094
2005	-0.07872
2006	-0.09236
2007	-0.1156
2008	-0.1156
2009	-0.1781
2010	-0.08303
2011	-0.1056
2012	-0.04247
2013	-0.08336
2014	-0.08336
2015	-0.1416
2016	-0.2039
2017	-0.09394
2018	-0.1288
2019	-0.149
2020	-0.1804
2021	-0.08638
2022	-0.1287
2023	-0.1251
2024	-0.1251
2025	-0.05524
2026	-0.00951
2027	-0.1224
2028	-0.08373
2029	-0.09909
2030	-0.09909
2031	-0.1293
2032	-0.1293
2033	-0.04208
2034	0.01794
2035	-0.06717
2036	-0.02249
2037	-0.0902
2038	-0.07339
2039	-0.07339
2040	-0.1284
2041	-0.07013
2042	-0.106
2043	-0.07392
2044	-0.07326
2045	-0.1353
2046	-0.1393
2047	-0.1393
2048	-0.1465
2049	-0.1134
2050	-0.1193
2051	-0.1072
2052	-0.0756
2053	-0.0756
2054	-0.1398
2055	-0.1702
2056	-0.1376
2057	-0.1376
2058	-0.1311
2059	-0.07179
2060	-0.1519
2061	-0.2227
2062	-0.1274
2063	-0.0316
2064	-0.0316
2065	-0.0316
2066	-0.0316
2067	-0.0316
2068	-0.0316
2069	-0.0316
2070	-0.0316
2071	-0.09386
2072	-0.09386
2073	-0.1072
2074	-0.09356
2075	-0.1364
2076	-0.04775
2077	-0.04775
2078	-0.07091
2079	-0.07091
2080	-0.07091
2081	-0.1317
2082	-0.1317
2083	-0.1356
2084	-0.05906
2085	-0.1221
2086	-0.06684
2087	-0.09792
2088	-0.1265
2089	-0.1611
2090	-0.1611
2091	-0.1984
2092	-0.1505
2093	-0.1529
2094	-0.1529
2095	-0.1575
2096	-0.08688
2097	-0.129
2098	-0.129
2099	-0.1017
2100	-0.1099
2101	-0.1369
2102	-0.1132
2103	-0.1132
2104	-0.08648
2105	-0.05361
2106	-0.1601
2107	-0.0829
2108	-0.1258
2109	-0.1282
2110	-0.1282
2111	-0.1507
2112	-0.09059
2113	-0.09059
2114	-0.146
2115	-0.1721
2116	-0.185
2117	0.01518
2118	-0.08594
2119	-0.08594
2120	-0.08528
2121	-0.06786
2122	-0.1613
2123	-0.1613
2124	-0.1467
2125	-0.1467
2126	-0.1467
2127	-0.07407
2128	0.05608
2129	-0.0901
2130	-0.0901
2131	-0.1116
2132	-0.03715
2133	-0.149
2134	-0.149
2135	-0.149
2136	-0.1519
2137	-0.1522
2138	-0.1097
2139	-0.09635
2140	-0.1529
2141	-0.04176
2142	-0.09257
2143	-0.08888
2144	-0.09983
2145	-0.09983
2146	-0.1298
2147	-0.121
2148	-0.121
2149	-0.121
2150	-0.121
2151	-0.2012
2152	-0.2012
2153	-0.2012
2154	-0.2012
2155	-0.2012
2156	-0.2012
2157	-0.2012
2158	-0.2012
2159	-0.2012
2160	-0.2012
2161	-0.1346
2162	-0.1346
2163	-0.1346
2164	-0.1346
2165	-0.1346
2166	-0.1346
2167	-0.1346
2168	-0.1346
2169	-0.1346
2170	-0.1346
2171	-0.1445
2172	-0.06259
2173	-0.08551
2174	-0.09455
2175	-0.02775
2176	-0.1053
2177	-0.143
2178	-0.0785
2179	-0.1717
2180	-0.1524
2181	-0.04737
2182	-0.1043
2183	-0.1043
2184	-0.136
2185	-0.136
2186	-0.1562
2187	-0.06257
2188	-0.06257
2189	-0.1374
2190	-0.1167
2191	-0.1275
2192	-0.09464
2193	-0.1868
2194	-0.1526
2195	-0.1607
2196	-0.09995
2197	-0.09995
2198	-0.07802
2199	-0.09628
2200	-0.09628
2201	-0.1178
2202	-0.08406
2203	-0.1511
2204	-0.112
2205	-0.08371
2206	-0.1666
2207	-0.0868
2208	-0.1079
2209	-0.1146
2210	-0.08543
2211	-0.07192
2212	-0.0179
2213	-0.0179
2214	-0.0179
2215	-0.1056
2216	-0.07629
2217	-0.1058
2218	-0.1342
2219	-0.1756
2220	-0.1756
2221	-0.103
2222	-0.1002
2223	-0.144
2224	-0.1099
2225	-0.1099
2226	-0.1099
2227	-0.1099
2228	-0.1099
2229	-0.1099
2230	-0.1099
2231	-0.1012
2232	-0.1012
2233	-0.1012
2234	-0.1012
2235	-0.1035
2236	0.03356
2237	-0.05133
2238	-0.1812
2239	-0.1812
2240	-0.1812
2241	-0.09217
2242	-0.0808
2243	-0.11
2244	-0.09751
2245	-0.122
2246	-0.1173
2247	-0.06734
2248	-0.05955
2249	-0.04483
2250	-0.1477
2251	-0.04054
2252	-0.03029
2253	-0.09136
2254	-0.09136
2255	-0.1245
2256	-0.1522
2257	-0.09165
2258	-0.1019
2259	-0.1342
2260	-0.05847
2261	-0.1097
2262	-0.1507
2263	-0.1922
2264	-0.1588
2265	-0.1588
2266	-0.123
2267	-0.123
2268	-0.123
2269	-0.123
2270	-0.123
2271	-0.1319
2272	-0.1319
2273	-0.1319
2274	-0.1319
2275	-0.08655
2276	-0.08655
2277	-0.08655
2278	-0.08655
2279	-0.08655
2280	-0.1492
2281	-0.1218
2282	-0.1218
2283	-0.1399
2284	-0.1264
2285	-0.1184
2286	-0.1184
2287	-0.1586
2288	-0.1586
2289	-0.1586
2290	-0.1586
2291	-0.1062
2292	-0.1062
2293	-0.1202
2294	-0.1202
2295	-0.1202
2296	-0.1202
2297	-0.1202
2298	-0.1202
2299	-0.1132
2300	-0.1079
2301	-0.1343
2302	-0.213
2303	-0.1347
2304	-1.646E-5
2305	-1.646E-5
2306	-0.101
2307	-0.101
2308	-0.101
2309	-0.1147
2310	-0.08117
2311	-0.1576
2312	-0.1409
2313	-0.109
2314	-0.1214
2315	-0.04643
2316	-0.1076
2317	-0.0972
2318	-0.0972
2319	-0.1457
2320	-0.1766
2321	-0.08485
2322	-0.1221
2323	-0.1221
2324	-0.1221
2325	-0.1221
2326	-0.01059
2327	-0.01059
2328	-0.01059
2329	-0.01059
2330	-0.01059
2331	-0.09499
2332	-0.1596
2333	-0.1124
2334	0.002323
2335	-0.1442
2336	-0.1308
2337	-0.07079
2338	-0.1509
2339	-0.1448
2340	-0.1448
2341	0.005933
2342	0.005933
2343	-0.09829
2344	-0.08554
2345	-0.1239
2346	-0.1462
2347	-0.1062
2348	-0.1062
2349	-0.1021
2350	-0.05554
2351	-0.1359
2352	-0.0955
2353	-0.01351
2354	-0.01351
2355	-0.08569
2356	-0.08569
2357	-0.08569
2358	-0.02125
2359	-0.06107
2360	-0.09723
2361	-0.1781
2362	-0.08681
2363	-0.1201
2364	-0.08458
2365	-0.1376
2366	-0.03554
2367	-0.1139
2368	-0.09361
2369	-0.06857
2370	-0.06857
2371	-0.05865
2372	-0.1179
2373	-0.1179
2374	-0.1304
2375	-0.1304
2376	-0.1304
2377	-0.1459
2378	-0.1459
2379	-0.1612
2380	-0.1299
2381	-0.1054
2382	-0.1054
2383	-0.1054
2384	-0.123
2385	-0.1321
2386	-0.06954
2387	-0.1605
2388	-0.1154
2389	-0.186
2390	-0.1397
2391	-0.07209
2392	-0.07209
2393	-0.1771
2394	-0.09125
2395	-0.09125
2396	-0.1513
2397	-0.1513
2398	-0.1513
2399	-0.07803
2400	-0.07803
2401	-0.1339
2402	-0.1237
2403	-0.1775
2404	-0.07193
2405	-0.07193
2406	-0.1999
2407	-0.1999
2408	-0.08429
2409	-0.03901
2410	-0.005155
2411	-0.09029
2412	-0.1172
2413	-0.1384
2414	-0.1384
2415	-0.1384
2416	-0.1384
2417	-0.1384
2418	-0.1384
2419	-0.1384
2420	-0.1384
2421	-0.2254
2422	-0.2254
2423	-0.1241
2424	-0.1002
2425	-0.1755
2426	-0.1755
2427	-0.1755
2428	-0.1755
2429	-0.08572
2430	-0.1086
2431	-0.09647
2432	-0.1233
2433	-0.001407
2434	-0.09782
2435	-0.1066
2436	-0.1438
2437	-0.0914
2438	-0.1509
2439	-0.1094
2440	-0.009236
2441	-0.05042
2442	-0.1167
2443	-0.1167
2444	-0.09701
2445	-0.09701
2446	-0.1344
2447	-0.1859
2448	-0.1539
2449	-0.06604
2450	-0.06417
2451	-0.119
2452	-0.05134
2453	-0.006666
2454	-0.0773
2455	-0.1381
2456	-0.1419
2457	-0.03524
2458	-0.1273
2459	-0.217
2460	-0.1113
2461	-0.05534
2462	-0.04671
2463	-0.1204
2464	-0.09205
2465	-0.09205
2466	-0.09205
2467	-0.04225
2468	-0.04225
2469	-0.09508
2470	-0.1047
2471	-0.1035
2472	-0.03954
2473	-0.03982
2474	-0.03982
2475	-0.08007
2476	-0.1265
2477	-0.1237
2478	-0.05849
2479	-0.1409
2480	-0.121
2481	-0.07752
2482	-0.09979
2483	-0.1135
2484	-0.1135
2485	-0.1235
2486	-0.1235
2487	-0.1476
2488	-0.1125
2489	-0.1125
2490	-0.1125
2491	-0.1781
2492	-0.1277
2493	-0.1979
2494	-0.1111
2495	-0.1644
2496	-0.1096
2497	-0.09926
2498	-0.0824
2499	-0.09045
2500	-0.1414
1251	0.6409
1252	0.3912
1253	0.56
1254	0.7565
1255	1.368
1256	1.368
1257	1.088
1258	1.088
1259	1.119
1260	1.119
1261	0.9934
1262	0.7597
1263	0.8025
1264	0.3309
1265	-0.02921
1266	-0.02921
1267	0.4835
1268	0.4835
1269	0.5469
1270	1.41
1271	1.564
1272	2.011
1273	2.011
1274	2.011
1275	2.011
1276	1.338
1277	1.055
1278	0.2849
1279	1.144
1280	0.4713
1281	1.084
1282	0.08732
1283	0.8149
1284	0.808
1285	1.4
1286	1.4
1287	1.4
1288	1.4
1289	1.4
1290	1.338
1291	0.8542
1292	1.345
1293	1.345
1294	1.181
1295	0.5523
1296	1.133
1297	0.5319
1298	0.5319
1299	0.5319
1300	0.5268
1301	0.5276
1302	0.5276
1303	0.5836
1304	1.107
1305	1.289
1306	1.151
1307	0.6334
1308	0.9176
1309	2.246
1310	2.246
1311	1.77
1312	0.8129
1313	0.7586
1314	0.2245
1315	0.9068
1316	0.9128
1317	1.008
1318	0.9853
1319	0.9853
1320	0.9853
1321	0.7079
1322	0.7079
1323	1.02
1324	0.7009
1325	0.6465
1326	0.6363
1327	1.089
1328	1.335
1329	1.335
1330	1.433
1331	0.9787
1332	1.118
1333	1.118
1334	0.5664
1335	0.7344
1336	0.6261
1337	1.366
1338	2.252
1339	2.252
1340	2.252
1341	1.19
1342	0.9879
1343	0.7617
1344	1.047
1345	1.035
1346	0.8961
1347	1.175
1348	1.013
1349	0.9891
1350	0.9891
1351	0.691
1352	0.8404
1353	0.8757
1354	1.102
1355	1.042
1356	1.042
1357	1.46
1358	0.3154
1359	0.5707
1360	0.2721
1361	0.9859
1362	0.9859
1363	0.8349
1364	0.8068
1365	1.028
1366	1.623
1367	1.623
1368	1.623
1369	1.623
1370	1.405
1371	1.876
1372	1.512
1373	1.512
1374	1.025
1375	1.75
1376	1.75
1377	0.9906
1378	0.6026
1379	0.1222
1380	0.6911
1381	0.6376
1382	0.6549
1383	0.7841
1384	0.7247
1385	1.03
1386	0.2263
1387	0.5185
1388	0.8678
1389	0.8678
1390	0.8678
1391	1.082
1392	0.9144
1393	1.125
1394	0.9673
1395	0.5709
1396	0.4723
1397	1.022
1398	1.234
1399	0.252
1400	1.803
1401	1.094
1402	0.2621
1403	0.4183
1404	0.6933
1405	0.7819
1406	1.777
1407	0.8695
1408	0.8695
1409	0.8695
1410	0.8677
1411	0.501
1412	0.8777
1413	1.654
1414	1.654
1415	0.1155
1416	0.6889
1417	0.9977
1418	0.6013
1419	1.449
1420	1.449
1421	1.683
1422	1.356
1423	1.356
1424	1.102
1425	1.335
1426	0.7251
1427	0.4956
1428	0.9224
1429	1.144
1430	1.28
1431	1.353
1432	1.217
1433	1.217
1434	0.9404
1435	1.195
1436	0.8504
1437	0.4981
1438	0.4981
1439	0.5605
1440	0.5605
1441	1.002
1442	0.6317
1443	0.8593
1444	0.3338
1445	1.464
1446	1.538
1447	0.9316
1448	0.5951
1449	0.3065
1450	1.239
1451	1.181
1452	0.7365
1453	1.549
1454	1.549
1455	1.549
1456	0.9252
1457	1.148
1458	1.113
1459	0.9177
1460	1.364
1461	0.4643
1462	0.1185
1463	1.539
1464	0.37
1465	0.594
1466	0.2679
1467	0.8778
1468	0.8778
1469	0.8093
1470	1.193
1471	1.234
1472	1.454
1473	1.454
1474	1.124
1475	1.124
1476	1.64
1477	1.64
1478	1.64
1479	1.64
1480	1.323
1481	1.374
1482	0.3026
1483	0.7034
1484	0.5259
1485	1.241
1486	0.7993
1487	1.164
1488	1.164
1489	1.164
1490	0.6533
1491	0.5077
1492	1.476
1493	0.9089
1494	0.9089
1495	0.7021
1496	0.7997
1497	0.8437
1498	1.198
1499	1.198
1500	1.198
1501	1.123
1502	0.3401
1503	0.5459
1504	1.56
1505	1.56
1506	1.56
1507	0.1512
1508	1.325
1509	0.9903
1510	0.9903
1511	0.5343
1512	0.4774
1513	0.3597
1514	1.156
1515	1.135
1516	0.642
1517	0.9503
1518	0.3584
1519	1.215
1520	0.5159
1521	1.582
1522	1.405
1523	1.522
1524	1.526
1525	0.7032
1526	1.084
1527	0.9964
1528	0.9964
1529	0.684
1530	0.684
1531	1.3
1532	1.162
1533	0.8751
1534	0.8751
1535	0.4626
1536	0.4626
1537	0.8817
1538	0.8817
1539	0.6086
1540	0.5658
1541	1.175
1542	0.9854
1543	0.9854
1544	0.3209
1545	0.3209
1546	0.3843
1547	0.6278
1548	0.6278
1549	0.07826
1550	0.9216
1551	0.8147
1552	0.1038
1553	1.088
1554	0.1246
1555	0.8371
1556	0.8248
1557	0.247
1558	0.247
1559	1.126
1560	1.405
1561	0.9377
1562	0.5916
1563	0.5925
1564	0.002786
1565	1.031
1566	0.8369
1567	0.5292
1568	0.8384
1569	1.648
1570	1.648
1571	1.096
1572	1.096
1573	1.096
1574	1.162
1575	0.434
1576	0.434
1577	1.02
1578	1.777
1579	0.1212
1580	0.3823
1581	1.02
1582	1.02
1583	1.02
1584	0.7858
1585	0.6959
1586	0.6959
1587	0.6959
1588	0.6959
1589	0.6959
1590	0.5086
1591	0.4083
1592	0.4021
1593	1.229
1594	1.229
1595	0.8861
1596	1.243
1597	0.4673
1598	0.8033
1599	0.8033
1600	0.503
1601	0.1861
1602	-0.3748
1603	0.2328
1604	0.2328
1605	0.1569
1606	1.26
1607	0.678
1608	0.678
1609	0.4181
1610	1.174
1611	0.5696
1612	1.484
1613	1.484
1614	1.484
1615	1.484
1616	0.3686
1617	0.8463
1618	0.2643
1619	1.401
1620	1.529
1621	1.49
1622	1.49
1623	1.49
1624	1.49
1625	0.8077
1626	1.293
1627	1.293
1628	1.293
1629	1.293
1630	1.288
1631	1.374
1632	1.374
1633	0.9561
1634	0.6036
1635	0.7393
1636	0.823
1637	1.495
1638	1.495
1639	0.15
1640	0.15
1641	0.2605
1642	0.2605
1643	0.1789
1644	0.04271
1645	0.9881
1646	0.6568
1647	1.113
1648	0.3911
1649	1.879
1650	1.128
1651	1.089
1652	0.6286
1653	1.149
1654	1.101
1655	1.033
1656	1.006
1657	0.9994
1658	0.4723
1659	0.5948
1660	0.4274
1661	0.4429
1662	1.106
1663	1.503
1664	1.503
1665	1.503
1666	1.503
1667	1.503
1668	1.324
1669	0.8082
1670	0.8082
1671	0.8017
1672	0.8017
1673	0.8017
1674	0.8017
1675	0.855
1676	1.881
1677	1.211
1678	1.209
1679	1.161
1680	1.161
1681	0.7739
1682	0.7739
1683	0.7739
1684	1.203
1685	0.9652
1686	1.021
1687	0.8659
1688	0.7817
1689	0.8048
1690	1.634
1691	1.446
1692	1.446
1693	1.592
1694	0.9984
1695	0.9984
1696	1.014
1697	0.4343
1698	0.7159
1699	0.7159
1700	0.5461
1701	0.3442
1702	0.3442
1703	1.073
1704	1.514
1705	1.514
1706	1.082
1707	1.082
1708	1.082
1709	0.7674
1710	1.714
1711	1.569
1712	0.7394
1713	1.064
1714	1.183
1715	1.183
1716	1.043
1717	0.8844
1718	1.453
1719	1.296
1720	1.152
1721	0.9599
1722	1.32
1723	1.118
1724	0.9561
1725	1.361
1726	1.361
1727	0.4757
1728	0.4757
1729	0.7571
1730	0.4674
1731	0.45
1732	0.6943
1733	0.757
1734	0.757
1735	0.868
1736	0.7082
1737	0.7082
1738	1.24
1739	1.24
1740	1.424
1741	1.521
1742	0.6047
1743	0.8237
1744	1.194
1745	0.9837
1746	1.276
1747	1.276
1748	0.8276
1749	0.8276
1750	1.622
1751	1.629
1752	1.463
1753	1.002
1754	0.6918
1755	1.044
1756	0.04544
1757	0.8128
1758	1.216
1759	0.7343
1760	0.3747
1761	-0.308
1762	1.416
1763	1.273
1764	0.5037
1765	0.8004
1766	0.777
1767	0.8314
1768	0.8798
1769	0.5185
1770	0.5896
1771	0.808
1772	1.316
1773	1.316
1774	1.216
1775	0.3659
1776	0.7979
1777	0.7979
1778	0.2723
1779	0.608
1780	1.012
1781	1.017
1782	1.583
1783	1.383
1784	0.6933
1785	1.12
1786	0.9498
1787	1.999
1788	1.999
1789	1.999
1790	1.999
1791	1.199
1792	1.121
1793	1.141
1794	1.141
1795	1.141
1796	1.764
1797	1.764
1798	0.9892
1799	0.8303
1800	0.8303
1801	0.5966
1802	1.508
1803	1.508
1804	0.5801
1805	0.5801
1806	0.5801
1807	0.5801
1808	0.5801
1809	1.513
1810	1.513
1811	1.0
1812	1.086
1813	1.705
1814	0.4827
1815	-0.2328
1816	0.4283
1817	0.8819
1818	0.8942
1819	1.075
1820	0.7334
1821	0.7137
1822	0.7137
1823	0.7137
1824	1.174
1825	0.3169
1826	0.7283
1827	1.228
1828	1.208
1829	0.6605
1830	0.7206
1831	1.346
1832	0.7789
1833	0.4229
1834	0.7372
1835	0.9675
1836	1.177
1837	0.8288
1838	0.8288
1839	1.225
1840	1.225
1841	1.092
1842	0.6197
1843	0.8651
1844	1.532
1845	1.004
1846	0.9219
1847	0.5599
1848	0.3856
1849	0.6638
1850	0.6638
1851	0.1667
1852	0.3175
1853	1.071
1854	0.4226
1855	0.7013
1856	1.449
1857	0.5389
1858	1.189
1859	0.4139
1860	1.129
1861	0.7641
1862	1.495
1863	1.696
1864	0.9041
1865	1.2
1866	1.025
1867	1.025
1868	1.207
1869	0.7203
1870	0.7203
1871	1.03
1872	0.5852
1873	0.5939
1874	0.8834
1875	1.467
1876	1.467
1877	1.35
1878	0.7066
1879	0.7066
1880	0.5813
1881	0.6061
1882	1.191
1883	1.191
1884	1.047
1885	1.047
1886	0.4196
1887	1.042
1888	0.1233
1889	0.8106
1890	1.014
1891	0.6794
1892	1.093
1893	1.093
1894	1.093
1895	0.7677
1896	0.8657
1897	0.413
1898	0.9187
1899	0.9561
1900	1.325
1901	0.7403
1902	1.375
1903	1.875
1904	1.875
1905	1.875
1906	1.173
1907	1.36
1908	1.095
1909	1.025
1910	1.002
1911	1.249
1912	0.8838
1913	0.8838
1914	1.836
1915	1.836
1916	1.836
1917	1.836
1918	0.5041
1919	0.4558
1920	0.8717
1921	1.126
1922	1.126
1923	0.6987
1924	1.201
1925	0.8061
1926	0.7565
1927	0.1598
1928	0.6307
1929	0.4138
1930	1.312
1931	0.4731
1932	1.202
1933	0.7533
1934	0.004625
1935	0.913
1936	1.098
1937	1.098
1938	0.6396
1939	1.253
1940	1.253
1941	1.857
1942	0.8805
1943	0.7931
1944	-0.002818
1945	-0.002818
1946	0.5561
1947	0.478
1948	0.9671
1949	0.7672
1950	0.7672
1951	0.8889
1952	0.8889
1953	0.8889
1954	0.615
1955	0.6907
1956	1.434
1957	1.434
1958	0.804
1959	1.578
1960	1.578
1961	2.512
1962	2.512
1963	2.512
1964	2.512
1965	2.512
1966	2.512
1967	2.512
1968	2.512
1969	2.512
1970	0.9355
1971	0.7522
1972	0.6028
1973	1.542
1974	0.3757
1975	1.05
1976	0.442
1977	0.442
1978	0.429
1979	1.193
1980	1.407
1981	1.239
1982	1.239
1983	0.8421
1984	0.6088
1985	0.9854
1986	0.875
1987	0.4608
1988	0.4608
1989	0.4173
1990	1.181
1991	1.136
1992	0.6766
1993	1.233
1994	0.9831
1995	0.5178
1996	0.5178
1997	0.1579
1998	0.09534
1999	0.8783
2000	0.8783
2001	0.7424
2002	0.7424
2003	1.676
2004	2.046
2005	0.6839
2006	1.057
2007	1.07
2008	1.07
2009	1.625
2010	0.6264
2011	0.466
2012	0.1745
2013	0.5291
2014	0.5291
2015	0.8508
2016	1.613
2017	0.7977
2018	1.124
2019	1.222
2020	1.563
2021	0.5647
2022	1.158
2023	0.8723
2024	0.8723
2025	0.3452
2026	0.05175
2027	0.7976
2028	0.6566
2029	1.007
2030	1.007
2031	0.8303
2032	0.8303
2033	0.2078
2034	-0.08491
2035	0.3786
2036	0.1295
2037	0.4728
2038	0.4647
2039	0.4647
2040	0.9554
2041	0.5486
2042	0.6547
2043	0.7159
2044	0.6823
2045	1.072
2046	0.5922
2047	0.5922
2048	0.9929
2049	0.7126
2050	1.039
2051	0.9485
2052	0.7151
2053	0.7151
2054	1.1
2055	1.613
2056	1.427
2057	1.427
2058	0.9481
2059	0.6015
2060	1.915
2061	1.882
2062	0.8746
2063	0.3018
2064	0.3018
2065	0.3018
2066	0.3018
2067	0.3018
2068	0.3018
2069	0.3018
2070	0.3018
2071	0.8248
2072	0.8248
2073	0.9389
2074	0.6852
2075	1.175
2076	0.4638
2077	0.4638
2078	0.7571
2079	0.7571
2080	0.7571
2081	1.306
2082	1.306
2083	1.162
2084	0.3814
2085	0.8814
2086	0.4935
2087	0.7752
2088	1.188
2089	1.772
2090	1.772
2091	1.486
2092	1.233
2093	1.425
2094	1.425
2095	1.376
2096	0.9152
2097	1.066
2098	1.066
2099	1.082
2100	0.9439
2101	1.157
2102	1.375
2103	1.375
2104	0.7216
2105	0.3446
2106	1.404
2107	0.8492
2108	1.174
2109	1.497
2110	1.497
2111	1.107
2112	1.021
2113	1.021
2114	1.41
2115	1.239
2116	1.198
2117	-0.06057
2118	0.5619
2119	0.5619
2120	0.5801
2121	0.6957
2122	1.383
2123	1.383
2124	2.006
2125	2.006
2126	2.006
2127	0.727
2128	-0.3655
2129	0.7814
2130	0.7814
2131	0.704
2132	0.2903
2133	1.402
2134	1.402
2135	1.402
2136	1.43
2137	1.649
2138	0.7283
2139	0.8114
2140	1.124
2141	0.2173
2142	0.4458
2143	0.6126
2144	0.8793
2145	0.8793
2146	0.8849
2147	1.799
2148	1.799
2149	1.799
2150	1.799
2151	2.733
2152	2.733
2153	2.733
2154	2.733
2155	2.733
2156	2.733
2157	2.733
2158	2.733
2159	2.733
2160	2.733
2161	2.053
2162	2.053
2163	2.053
2164	2.053
2165	2.053
2166	2.053
2167	2.053
2168	2.053
2169	2.053
2170	2.053
2171	2.116
2172	0.5795
2173	0.7407
2174	0.8557
2175	0.2069
2176	0.6147
2177	1.044
2178	0.377
2179	1.096
2180	0.9234
2181	0.3567
2182	0.9516
2183	0.9516
2184	1.122
2185	1.122
2186	1.311
2187	0.4608
2188	0.4608
2189	1.265
2190	1.023
2191	0.957
2192	0.5631
2193	1.159
2194	1.483
2195	1.604
2196	0.7605
2197	0.7605
2198	0.6079
2199	1.184
2200	1.184
2201	0.8549
2202	0.7387
2203	1.307
2204	0.8709
2205	0.6945
2206	1.619
2207	0.8847
2208	0.7976
2209	1.187
2210	0.6822
2211	0.6978
2212	0.1134
2213	0.1134
2214	0.1134
2215	0.9103
2216	0.6642
2217	0.6813
2218	1.011
2219	2.093
2220	2.093
2221	1.296
2222	0.9341
2223	1.585
2224	1.439
2225	1.439
2226	1.439
2227	1.439
2228	1.439
2229	1.439
2230	1.439
2231	1.017
2232	1.017
2233	1.017
2234	1.017
2235	0.8804
2236	-0.2341
2237	0.3379
2238	1.646
2239	1.646
2240	1.646
2241	0.8035
2242	0.5536
2243	0.6133
2244	0.4899
2245	0.7108
2246	0.7351
2247	0.4466
2248	0.3809
2249	0.212
2250	1.01
2251	0.1805
2252	0.1845
2253	0.5978
2254	0.5978
2255	1.056
2256	1.631
2257	0.7004
2258	0.8493
2259	0.9471
2260	0.522
2261	0.8521
2262	0.9486
2263	1.266
2264	1.418
2265	1.418
2266	1.258
2267	1.258
2268	1.258
2269	1.258
2270	1.258
2271	1.674
2272	1.674
2273	1.674
2274	1.674
2275	0.9695
2276	0.9695
2277	0.9695
2278	0.9695
2279	0.9695
2280	1.298
2281	1.252
2282	1.252
2283	1.308
2284	1.054
2285	0.9544
2286	0.9544
2287	2.052
2288	2.052
2289	2.052
2290	2.052
2291	1.198
2292	1.198
2293	1.419
2294	1.419
2295	1.419
2296	1.419
2297	1.419
2298	1.419
2299	0.9052
2300	1.193
2301	0.8947
2302	1.69
2303	1.208
2304	1.332E-4
2305	1.332E-4
2306	1.005
2307	1.005
2308	1.005
2309	0.9917
2310	0.5279
2311	1.175
2312	0.9866
2313	0.8823
2314	0.7767
2315	0.3166
2316	1.294
2317	0.9437
2318	0.9437
2319	1.118
2320	1.138
2321	0.6849
2322	1.727
2323	1.727
2324	1.727
2325	1.727
2326	0.08759
2327	0.08759
2328	0.08759
2329	0.08759
2330	0.08759
2331	0.7278
2332	1.377
2333	0.6159
2334	-0.01117
2335	1.021
2336	0.8406
2337	0.4057
2338	1.087
2339	1.241
2340	1.241
2341	-0.02388
2342	-0.02388
2343	0.5219
2344	0.4872
2345	0.8726
2346	1.032
2347	0.7189
2348	0.7189
2349	0.9839
2350	0.4799
2351	0.9647
2352	0.5069
2353	0.08454
2354	0.08454
2355	0.8257
2356	0.8257
2357	0.8257
2358	0.113
2359	0.4904
2360	0.7405
2361	1.115
2362	0.7466
2363	0.9136
2364	0.6217
2365	1.295
2366	0.2401
2367	0.701
2368	0.9244
2369	0.5717
2370	0.5717
2371	0.3824
2372	1.075
2373	1.075
2374	1.415
2375	1.415
2376	1.415
2377	1.587
2378	1.587
2379	1.388
2380	1.166
2381	0.7748
2382	0.7748
2383	0.7748
2384	1.117
2385	1.108
2386	0.422
2387	1.289
2388	0.7162
2389	0.8163
2390	0.7135
2391	0.5507
2392	0.5507
2393	1.504
2394	0.7469
2395	0.7469
2396	1.685
2397	1.685
2398	1.685
2399	0.5809
2400	0.5809
2401	1.489
2402	1.013
2403	1.058
2404	0.4581
2405	0.4581
2406	1.789
2407	1.789
2408	0.648
2409	0.2873
2410	0.04706
2411	0.7804
2412	1.215
2413	1.945
2414	1.945
2415	1.945
2416	1.945
2417	1.945
2418	1.945
2419	1.945
2420	1.945
2421	1.511
2422	1.511
2423	0.9374
2424	1.284
2425	1.578
2426	1.578
2427	1.578
2428	1.578
2429	0.8004
2430	1.301
2431	1.088
2432	0.9465
2433	0.007743
2434	0.5533
2435	0.4516
2436	0.5783
2437	0.5472
2438	0.9333
2439	0.8324
2440	0.05866
2441	0.3581
2442	1.006
2443	1.006
2444	0.5767
2445	0.5767
2446	0.9082
2447	1.826
2448	1.487
2449	0.515
2450	0.4271
2451	0.7001
2452	0.218
2453	0.02623
2454	0.3384
2455	0.8703
2456	1.28
2457	0.2253
2458	1.123
2459	1.944
2460	0.6098
2461	0.337
2462	0.2776
2463	0.8725
2464	0.6014
2465	0.6014
2466	0.6014
2467	0.2032
2468	0.2032
2469	0.6825
2470	0.7867
2471	1.028
2472	0.3195
2473	0.3553
2474	0.3553
2475	0.5134
2476	0.8041
2477	0.8831
2478	0.4814
2479	1.532
2480	0.9706
2481	0.7562
2482	1.235
2483	0.9967
2484	0.9967
2485	1.449
2486	1.449
2487	1.158
2488	1.172
2489	1.172
2490	1.172
2491	1.488
2492	0.806
2493	1.65
2494	0.7371
2495	1.102
2496	0.767
2497	0.4522
2498	0.4843
2499	0.8282
2500	1.123
1251	6.24
1252	5.328
1253	5.766
1254	6.814
1255	9.715
1256	9.715
1257	8.618
1258	8.618
1259	9.181
1260	9.181
1261	8.75
1262	8.76
1263	6.286
1264	5.076
1265	4.478
1266	4.478
1267	4.039
1268	4.039
1269	6.323
1270	9.367
1271	10.46
1272	10.03
1273	10.03
1274	10.03
1275	10.03
1276	8.942
1277	10.25
1278	6.744
1279	8.729
1280	7.91
1281	5.541
1282	4.924
1283	6.733
1284	7.213
1285	11.12
1286	11.12
1287	11.12
1288	11.12
1289	11.12
1290	8.112
1291	10.16
1292	9.337
1293	9.337
1294	10.08
1295	6.464
1296	7.329
1297	9.446
1298	9.446
1299	9.446
1300	7.788
1301	7.762
1302	7.762
1303	7.682
1304	10.49
1305	9.56
1306	9.186
1307	8.915
1308	8.817
1309	13.74
1310	13.74
1311	12.33
1312	6.902
1313	7.941
1314	7.406
1315	8.897
1316	6.664
1317	8.154
1318	8.033
1319	8.033
1320	8.033
1321	9.46
1322	9.46
1323	7.387
1324	7.995
1325	6.997
1326	6.989
1327	7.802
1328	10.64
1329	10.64
1330	10.81
1331	10.58
1332	9.88
1333	9.88
1334	5.901
1335	5.042
1336	7.575
1337	8.65
1338	13.14
1339	13.14
1340	13.14
1341	10.04
1342	10.7
1343	9.33
1344	9.498
1345	8.072
1346	7.399
1347	7.94
1348	9.982
1349	8.238
1350	8.238
1351	7.525
1352	7.049
1353	10.7
1354	7.429
1355	8.314
1356	8.314
1357	10.91
1358	6.051
1359	6.145
1360	7.459
1361	9.846
1362	9.846
1363	7.298
1364	8.782
1365	8.341
1366	10.15
1367	10.15
1368	10.15
1369	10.15
1370	9.087
1371	10.04
1372	10.86
1373	10.86
1374	11.08
1375	11.66
1376	11.66
1377	10.14
1378	6.749
1379	5.089
1380	7.62
1381	6.578
1382	7.684
1383	5.505
1384	6.304
1385	5.036
1386	3.896
1387	6.073
1388	8.002
1389	8.002
1390	8.002
1391	10.81
1392	7.234
1393	6.926
1394	8.452
1395	5.705
1396	6.854
1397	8.46
1398	11.39
1399	8.255
1400	13.1
1401	7.198
1402	5.244
1403	4.796
1404	7.683
1405	6.826
1406	12.44
1407	7.69
1408	7.69
1409	7.69
1410	8.426
1411	6.921
1412	7.295
1413	9.479
1414	9.479
1415	7.598
1416	7.449
1417	6.051
1418	7.834
1419	10.78
1420	10.78
1421	12.12
1422	11.53
1423	11.53
1424	8.37
1425	10.84
1426	7.5
1427	7.233
1428	6.852
1429	8.197
1430	9.969
1431	12.84
1432	10.59
1433	10.59
1434	8.259
1435	10.89
1436	7.14
1437	4.764
1438	4.764
1439	6.327
1440	6.327
1441	7.043
1442	10.42
1443	8.103
1444	6.876
1445	6.776
1446	9.518
1447	9.216
1448	6.597
1449	7.775
1450	7.645
1451	9.391
1452	8.53
1453	10.71
1454	10.71
1455	10.71
1456	7.978
1457	10.16
1458	8.979
1459	8.32
1460	10.42
1461	7.965
1462	6.852
1463	8.742
1464	7.315
1465	6.405
1466	5.503
1467	8.278
1468	8.278
1469	8.229
1470	9.022
1471	11.48
1472	8.916
1473	8.916
1474	10.93
1475	10.93
1476	12.98
1477	12.98
1478	12.98
1479	12.98
1480	11.84
1481	9.511
1482	7.431
1483	5.818
1484	6.87
1485	10.26
1486	7.101
1487	9.309
1488	9.309
1489	9.309
1490	7.325
1491	6.471
1492	11.26
1493	8.792
1494	8.792
1495	7.413
1496	5.891
1497	8.734
1498	9.53
1499	9.53
1500	9.53
1501	10.56
1502	5.8
1503	6.474
1504	10.56
1505	10.56
1506	10.56
1507	6.876
1508	9.508
1509	5.539
1510	5.539
1511	6.937
1512	6.864
1513	5.741
1514	8.743
1515	8.73
1516	6.79
1517	6.246
1518	5.224
1519	8.46
1520	8.993
1521	10.1
1522	8.385
1523	8.415
1524	7.821
1525	7.49
1526	7.656
1527	8.719
1528	8.719
1529	10.01
1530	10.01
1531	12.56
1532	10.75
1533	8.172
1534	8.172
1535	8.913
1536	8.913
1537	8.546
1538	8.546
1539	9.946
1540	9.716
1541	8.47
1542	5.886
1543	5.886
1544	5.335
1545	5.335
1546	5.714
1547	7.647
1548	7.647
1549	5.228
1550	7.106
1551	8.361
1552	6.849
1553	11.1
1554	8.071
1555	6.804
1556	7.467
1557	4.734
1558	4.734
1559	8.233
1560	9.119
1561	7.936
1562	6.871
1563	6.002
1564	5.649
1565	7.809
1566	7.039
1567	7.812
1568	9.611
1569	12.7
1570	12.7
1571	10.52
1572	9.162
1573	9.162
1574	9.376
1575	7.781
1576	7.781
1577	9.553
1578	10.19
1579	6.298
1580	8.517
1581	10.82
1582	10.82
1583	10.82
1584	9.844
1585	9.169
1586	9.169
1587	9.169
1588	9.169
1589	9.169
1590	7.243
1591	5.391
1592	6.174
1593	10.11
1594	10.11
1595	6.63
1596	9.206
1597	5.774
1598	6.226
1599	6.226
1600	7.392
1601	6.51
1602	3.725
1603	3.875
1604	3.875
1605	5.871
1606	10.21
1607	7.303
1608	7.303
1609	5.782
1610	7.027
1611	7.92
1612	11.85
1613	11.85
1614	11.85
1615	11.85
1616	7.069
1617	8.363
1618	6.73
1619	8.216
1620	10.42
1621	12.83
1622	12.83
1623	12.83
1624	12.83
1625	7.581
1626	11.42
1627	11.42
1628	11.42
1629	11.42
1630	8.276
1631	13.12
1632	13.12
1633	8.061
1634	7.685
1635	5.711
1636	7.294
1637	9.4
1638	9.4
1639	9.251
1640	9.251
1641	8.903
1642	8.903
1643	5.358
1644	6.441
1645	6.828
1646	4.818
1647	7.226
1648	6.755
1649	14.2
1650	9.64
1651	8.261
1652	6.875
1653	9.507
1654	8.769
1655	7.704
1656	6.096
1657	8.829
1658	6.107
1659	6.469
1660	6.117
1661	6.38
1662	9.253
1663	9.286
1664	9.286
1665	9.286
1666	9.286
1667	9.286
1668	11.68
1669	8.892
1670	8.892
1671	10.06
1672	10.06
1673	10.06
1674	10.06
1675	7.406
1676	10.32
1677	8.558
1678	7.99
1679	8.529
1680	8.529
1681	9.718
1682	9.718
1683	9.718
1684	10.2
1685	6.005
1686	8.011
1687	7.298
1688	6.197
1689	7.083
1690	10.18
1691	7.339
1692	7.339
1693	9.592
1694	8.604
1695	8.604
1696	6.234
1697	5.736
1698	7.394
1699	7.394
1700	8.764
1701	8.707
1702	8.707
1703	9.076
1704	11.28
1705	11.28
1706	10.61
1707	10.61
1708	10.61
1709	6.969
1710	11.22
1711	8.959
1712	6.542
1713	8.908
1714	8.269
1715	8.269
1716	8.334
1717	8.011
1718	10.37
1719	8.745
1720	9.269
1721	9.805
1722	10.34
1723	8.5
1724	7.715
1725	12.71
1726	12.71
1727	6.941
1728	6.941
1729	6.101
1730	6.21
1731	6.131
1732	8.546
1733	10.68
1734	10.68
1735	7.907
1736	7.76
1737	7.76
1738	10.73
1739	10.73
1740	10.24
1741	9.071
1742	7.347
1743	7.509
1744	5.799
1745	7.762
1746	7.215
1747	7.215
1748	8.777
1749	8.777
1750	10.77
1751	8.499
1752	8.754
1753	9.559
1754	7.44
1755	5.462
1756	5.621
1757	6.009
1758	8.558
1759	7.026
1760	4.225
1761	6.184
1762	7.597
1763	8.112
1764	6.794
1765	5.726
1766	5.141
1767	7.597
1768	6.902
1769	5.369
1770	8.331
1771	10.3
1772	9.302
1773	9.302
1774	10.03
1775	6.779
1776	4.857
1777	4.857
1778	6.201
1779	6.638
1780	8.784
1781	7.69
1782	11.68
1783	11.2
1784	8.064
1785	9.484
1786	8.143
1787	10.96
1788	10.96
1789	10.96
1790	10.96
1791	6.656
1792	8.706
1793	9.87
1794	9.87
1795	9.87
1796	11.51
1797	11.51
1798	10.19
1799	8.332
1800	8.332
1801	8.813
1802	13.63
1803	13.63
1804	10.05
1805	10.05
1806	10.05
1807	10.05
1808	10.05
1809	9.828
1810	9.828
1811	9.341
1812	9.287
1813	10.92
1814	8.24
1815	5.454
1816	7.387
1817	6.584
1818	8.404
1819	6.442
1820	7.698
1821	6.77
1822	6.77
1823	6.77
1824	7.786
1825	7.346
1826	5.968
1827	9.961
1828	10.75
1829	7.691
1830	6.761
1831	9.045
1832	6.97
1833	5.047
1834	5.597
1835	7.336
1836	9.535
1837	8.189
1838	8.189
1839	9.946
1840	9.946
1841	11.32
1842	7.651
1843	6.862
1844	11.72
1845	8.318
1846	6.887
1847	6.312
1848	7.038
1849	6.208
1850	6.208
1851	4.336
1852	6.122
1853	5.632
1854	6.751
1855	6.962
1856	8.489
1857	7.791
1858	12.49
1859	7.485
1860	6.788
1861	9.179
1862	9.249
1863	10.6
1864	7.126
1865	8.838
1866	6.22
1867	6.22
1868	9.69
1869	8.538
1870	8.538
1871	6.498
1872	6.014
1873	6.677
1874	9.29
1875	12.34
1876	12.34
1877	10.03
1878	8.773
1879	8.773
1880	8.259
1881	7.115
1882	10.22
1883	10.22
1884	10.23
1885	10.23
1886	5.976
1887	6.444
1888	6.561
1889	6.948
1890	10.21
1891	6.664
1892	10.37
1893	10.37
1894	10.37
1895	8.752
1896	4.937
1897	6.57
1898	8.403
1899	6.781
1900	8.444
1901	9.879
1902	9.221
1903	10.81
1904	10.81
1905	10.81
1906	7.85
1907	8.614
1908	7.975
1909	9.696
1910	9.105
1911	8.688
1912	7.934
1913	7.934
1914	11.12
1915	11.12
1916	11.12
1917	11.12
1918	8.073
1919	7.751
1920	8.951
1921	9.957
1922	9.957
1923	6.861
1924	8.434
1925	8.983
1926	6.08
1927	5.382
1928	4.943
1929	5.335
1930	5.757
1931	5.804
1932	5.713
1933	7.856
1934	5.821
1935	7.667
1936	8.496
1937	8.496
1938	6.725
1939	11.02
1940	11.02
1941	11.29
1942	10.19
1943	7.061
1944	6.572
1945	6.572
1946	5.108
1947	8.432
1948	8.577
1949	5.965
1950	5.965
1951	11.81
1952	11.81
1953	11.81
1954	9.237
1955	9.628
1956	8.24
1957	8.24
1958	7.306
1959	14.58
1960	14.58
1961	14.02
1962	14.02
1963	14.02
1964	14.02
1965	14.02
1966	14.02
1967	14.02
1968	14.02
1969	14.02
1970	8.926
1971	8.572
1972	7.105
1973	7.718
1974	6.503
1975	9.249
1976	5.888
1977	5.888
1978	7.926
1979	11.23
1980	9.529
1981	9.486
1982	9.486
1983	7.199
1984	5.74
1985	7.54
1986	6.392
1987	5.817
1988	5.817
1989	7.503
1990	10.34
1991	8.566
1992	6.351
1993	5.984
1994	8.372
1995	5.706
1996	5.706
1997	5.543
1998	5.634
1999	7.787
2000	7.787
2001	10.69
2002	10.69
2003	12.17
2004	9.77
2005	8.687
2006	11.45
2007	9.253
2008	9.253
2009	9.121
2010	7.545
2011	4.415
2012	4.108
2013	6.347
2014	6.347
2015	6.009
2016	7.912
2017	8.492
2018	8.726
2019	8.199
2020	8.664
2021	6.538
2022	8.996
2023	6.971
2024	6.971
2025	6.248
2026	5.441
2027	6.518
2028	7.842
2029	10.17
2030	10.17
2031	6.424
2032	6.424
2033	4.939
2034	4.733
2035	5.636
2036	5.761
2037	5.241
2038	6.332
2039	6.332
2040	7.439
2041	7.822
2042	6.179
2043	9.686
2044	9.313
2045	7.925
2046	4.25
2047	4.25
2048	6.779
2049	6.283
2050	8.706
2051	8.847
2052	9.459
2053	9.459
2054	7.869
2055	9.479
2056	10.37
2057	10.37
2058	7.23
2059	8.379
2060	12.6
2061	8.453
2062	6.866
2063	9.548
2064	9.548
2065	9.548
2066	9.548
2067	9.548
2068	9.548
2069	9.548
2070	9.548
2071	8.787
2072	8.787
2073	8.756
2074	7.323
2075	8.613
2076	9.712
2077	9.712
2078	10.68
2079	10.68
2080	10.68
2081	9.914
2082	9.914
2083	8.572
2084	6.457
2085	7.218
2086	7.383
2087	7.917
2088	9.387
2089	10.99
2090	10.99
2091	7.49
2092	8.194
2093	9.318
2094	9.318
2095	8.735
2096	10.53
2097	8.26
2098	8.26
2099	10.64
2100	8.586
2101	8.45
2102	12.15
2103	12.15
2104	8.344
2105	6.427
2106	8.768
2107	10.24
2108	9.33
2109	11.67
2110	11.67
2111	7.345
2112	11.28
2113	11.28
2114	9.663
2115	7.2
2116	6.477
2117	3.989
2118	6.539
2119	6.539
2120	6.802
2121	10.25
2122	8.574
2123	8.574
2124	13.68
2125	13.68
2126	13.68
2127	9.815
2128	6.518
2129	8.673
2130	8.673
2131	6.306
2132	7.814
2133	9.407
2134	9.407
2135	9.407
2136	9.418
2137	10.83
2138	6.639
2139	8.421
2140	7.351
2141	5.203
2142	4.815
2143	6.893
2144	8.808
2145	8.808
2146	6.816
2147	14.87
2148	14.87
2149	14.87
2150	14.87
2151	13.58
2152	13.58
2153	13.58
2154	13.58
2155	13.58
2156	13.58
2157	13.58
2158	13.58
2159	13.58
2160	13.58
2161	15.26
2162	15.26
2163	15.26
2164	15.26
2165	15.26
2166	15.26
2167	15.26
2168	15.26
2169	15.26
2170	15.26
2171	14.64
2172	9.258
2173	8.662
2174	9.05
2175	7.456
2176	5.835
2177	7.299
2178	4.803
2179	6.384
2180	6.058
2181	7.531
2182	9.12
2183	9.12
2184	8.249
2185	8.249
2186	8.389
2187	7.364
2188	7.364
2189	9.203
2190	8.762
2191	7.506
2192	5.95
2193	6.202
2194	9.719
2195	9.984
2196	7.608
2197	7.608
2198	7.791
2199	12.29
2200	12.29
2201	7.255
2202	8.788
2203	8.652
2204	7.776
2205	8.296
2206	9.716
2207	10.19
2208	7.393
2209	10.36
2210	7.985
2211	9.703
2212	6.335
2213	6.335
2214	6.335
2215	8.616
2216	8.706
2217	6.437
2218	7.529
2219	11.92
2220	11.92
2221	12.58
2222	9.322
2223	11.0
2224	13.09
2225	13.09
2226	13.09
2227	13.09
2228	13.09
2229	13.09
2230	13.09
2231	10.05
2232	10.05
2233	10.05
2234	10.05
2235	8.504
2236	6.977
2237	6.583
2238	9.084
2239	9.084
2240	9.084
2241	8.718
2242	6.852
2243	5.577
2244	5.025
2245	5.826
2246	6.269
2247	6.632
2248	6.396
2249	4.728
2250	6.84
2251	4.452
2252	6.091
2253	6.543
2254	6.543
2255	8.482
2256	10.71
2257	7.642
2258	8.332
2259	7.058
2260	8.928
2261	7.767
2262	6.295
2263	6.589
2264	8.929
2265	8.929
2266	10.23
2267	10.23
2268	10.23
2269	10.23
2270	10.23
2271	12.69
2272	12.69
2273	12.69
2274	12.69
2275	11.2
2276	11.2
2277	11.2
2278	11.2
2279	11.2
2280	8.702
2281	10.28
2282	10.28
2283	9.351
2284	8.34
2285	8.058
2286	8.058
2287	12.94
2288	12.94
2289	12.94
2290	12.94
2291	11.29
2292	11.29
2293	11.81
2294	11.81
2295	11.81
2296	11.81
2297	11.81
2298	11.81
2299	7.999
2300	11.06
2301	6.663
2302	7.933
2303	8.965
2304	8.094
2305	8.094
2306	9.945
2307	9.945
2308	9.945
2309	8.649
2310	6.503
2311	7.453
2312	7.0
2313	8.097
2314	6.401
2315	6.819
2316	12.03
2317	9.708
2318	9.708
2319	7.674
2320	6.446
2321	8.071
2322	14.14
2323	14.14
2324	14.14
2325	14.14
2326	8.273
2327	8.273
2328	8.273
2329	8.273
2330	8.273
2331	7.662
2332	8.629
2333	5.478
2334	4.808
2335	7.083
2336	6.428
2337	5.731
2338	7.202
2339	8.573
2340	8.573
2341	4.026
2342	4.026
2343	5.31
2344	5.696
2345	7.041
2346	7.057
2347	6.77
2348	6.77
2349	9.638
2350	8.641
2351	7.101
2352	5.307
2353	6.257
2354	6.257
2355	9.636
2356	9.636
2357	9.636
2358	5.317
2359	8.03
2360	7.616
2361	6.264
2362	8.6
2363	7.608
2364	7.35
2365	9.416
2366	6.756
2367	6.155
2368	9.875
2369	8.337
2370	8.337
2371	6.521
2372	9.122
2373	9.122
2374	10.85
2375	10.85
2376	10.85
2377	10.88
2378	10.88
2379	8.612
2380	8.978
2381	7.35
2382	7.35
2383	7.35
2384	9.08
2385	8.39
2386	6.069
2387	8.032
2388	6.204
2389	4.389
2390	5.107
2391	7.64
2392	7.64
2393	8.49
2394	8.186
2395	8.186
2396	11.13
2397	11.13
2398	11.13
2399	7.445
2400	7.445
2401	11.12
2402	8.189
2403	5.96
2404	6.368
2405	6.368
2406	8.949
2407	8.949
2408	7.688
2409	7.366
2410	9.129
2411	8.644
2412	10.36
2413	14.06
2414	14.06
2415	14.06
2416	14.06
2417	14.06
2418	14.06
2419	14.06
2420	14.06
2421	6.703
2422	6.703
2423	7.557
2424	12.82
2425	8.993
2426	8.993
2427	8.993
2428	8.993
2429	9.338
2430	11.98
2431	11.27
2432	7.675
2433	5.503
2434	5.657
2435	4.237
2436	4.022
2437	5.986
2438	6.186
2439	7.608
2440	6.352
2441	7.102
2442	8.622
2443	8.622
2444	5.945
2445	5.945
2446	6.757
2447	9.82
2448	9.662
2449	7.798
2450	6.657
2451	5.884
2452	4.246
2453	3.935
2454	4.378
2455	6.301
2456	9.025
2457	6.393
2458	8.823
2459	8.959
2460	5.48
2461	6.09
2462	5.943
2463	7.249
2464	6.533
2465	6.533
2466	6.533
2467	4.809
2468	4.809
2469	7.178
2470	7.515
2471	9.94
2472	8.08
2473	8.921
2474	8.921
2475	6.412
2476	6.356
2477	7.14
2478	8.231
2479	10.87
2480	8.022
2481	9.756
2482	12.38
2483	8.783
2484	8.783
2485	11.73
2486	11.73
2487	7.846
2488	10.42
2489	10.42
2490	10.42
2491	8.352
2492	6.311
2493	8.334
2494	6.636
2495	6.705
2496	6.997
2497	4.556
2498	5.878
2499	9.156
2500	7.94
1251	7.813
1252	9.051
1253	8.319
1254	7.438
1255	8.182
1256	8.182
1257	7.353
1258	7.353
1259	7.463
1260	7.463
1261	7.274
1262	7.807
1263	8.113
1264	9.576
1265	12.65
1266	12.65
1267	13.12
1268	13.12
1269	7.811
1270	8.473
1271	9.105
1272	13.97
1273	13.97
1274	13.97
1275	13.97
1276	8.251
1277	8.252
1278	9.183
1279	7.479
1280	8.707
1281	12.5
1282	11.01
1283	7.61
1284	7.266
1285	8.798
1286	8.798
1287	8.798
1288	8.798
1289	8.798
1290	9.016
1291	8.996
1292	8.131
1293	8.131
1294	7.925
1295	7.733
1296	8.462
1297	10.39
1298	10.39
1299	10.39
1300	8.199
1301	8.173
1302	8.173
1303	7.799
1304	8.375
1305	7.89
1306	7.508
1307	8.706
1308	7.369
1309	14.22
1310	14.22
1311	10.64
1312	7.458
1313	7.285
1314	10.42
1315	7.436
1316	8.058
1317	7.251
1318	7.236
1319	7.236
1320	7.236
1321	8.925
1322	8.925
1323	7.726
1324	7.48
1325	7.406
1326	7.427
1327	7.685
1328	8.386
1329	8.386
1330	8.662
1331	8.935
1332	7.811
1333	7.811
1334	8.152
1335	10.64
1336	7.553
1337	8.646
1338	14.19
1339	14.19
1340	14.19
1341	7.901
1342	9.057
1343	8.412
1344	7.609
1345	7.336
1346	7.303
1347	8.023
1348	8.086
1349	7.21
1350	7.21
1351	7.331
1352	7.405
1353	9.699
1354	8.124
1355	7.292
1356	7.292
1357	8.779
1358	8.79
1359	7.905
1360	9.979
1361	8.024
1362	8.024
1363	7.255
1364	7.637
1365	7.26
1366	9.558
1367	9.558
1368	9.558
1369	9.558
1370	8.585
1371	12.14
1372	8.924
1373	8.924
1374	9.442
1375	10.26
1376	10.26
1377	8.332
1378	7.538
1379	10.57
1380	7.354
1381	7.56
1382	7.492
1383	9.605
1384	7.856
1385	13.94
1386	13.16
1387	8.023
1388	7.151
1389	7.151
1390	7.151
1391	8.833
1392	7.454
1393	9.057
1394	7.202
1395	8.412
1396	7.987
1397	7.245
1398	9.145
1399	11.4
1400	11.34
1401	8.375
1402	9.577
1403	10.1
1404	7.367
1405	7.462
1406	10.74
1407	7.165
1408	7.165
1409	7.165
1410	7.26
1411	7.866
1412	7.323
1413	10.34
1414	10.34
1415	12.03
1416	7.323
1417	9.867
1418	7.81
1419	8.689
1420	8.689
1421	10.17
1422	9.161
1423	9.161
1424	7.433
1425	8.528
1426	7.256
1427	8.006
1428	7.857
1429	7.669
1430	7.958
1431	10.93
1432	8.318
1433	8.318
1434	7.171
1435	8.64
1436	7.364
1437	10.32
1438	10.32
1439	7.786
1440	7.786
1441	8.016
1442	11.22
1443	7.171
1444	8.874
1445	13.69
1446	9.268
1447	7.606
1448	7.6
1449	10.03
1450	8.829
1451	7.601
1452	7.708
1453	9.04
1454	9.04
1455	9.04
1456	7.165
1457	8.003
1458	7.414
1459	7.18
1460	8.315
1461	8.821
1462	10.95
1463	10.08
1464	8.922
1465	7.697
1466	9.3
1467	7.196
1468	7.196
1469	7.285
1470	7.593
1471	9.272
1472	9.089
1473	9.089
1474	8.845
1475	8.845
1476	10.87
1477	10.87
1478	10.87
1479	10.87
1480	9.557
1481	8.234
1482	9.64
1483	8.513
1484	7.753
1485	8.062
1486	7.311
1487	7.555
1488	7.555
1489	7.555
1490	7.392
1491	7.847
1492	9.024
1493	7.369
1494	7.369
1495	7.29
1496	8.795
1497	7.482
1498	7.668
1499	7.668
1500	7.668
1501	8.417
1502	8.751
1503	7.744
1504	9.078
1505	9.078
1506	9.078
1507	10.6
1508	8.019
1509	11.34
1510	11.34
1511	7.728
1512	7.964
1513	8.704
1514	7.514
1515	7.456
1516	7.462
1517	9.016
1518	9.273
1519	7.855
1520	9.778
1521	9.288
1522	9.254
1523	10.39
1524	11.61
1525	7.297
1526	7.785
1527	7.265
1528	7.265
1529	9.97
1530	9.97
1531	10.65
1532	8.547
1533	7.172
1534	7.172
1535	10.16
1536	10.16
1537	7.29
1538	7.29
1539	10.54
1540	10.53
1541	7.666
1542	10.2
1543	10.2
1544	9.232
1545	9.232
1546	8.635
1547	7.58
1548	7.58
1549	10.8
1550	7.585
1551	7.334
1552	11.12
1553	9.206
1554	12.75
1555	7.601
1556	7.19
1557	10.46
1558	10.46
1559	7.575
1560	8.571
1561	7.183
1562	7.541
1563	8.041
1564	11.45
1565	7.446
1566	7.405
1567	8.205
1568	8.346
1569	10.57
1570	10.57
1571	8.445
1572	7.436
1573	7.436
1574	7.569
1575	8.862
1576	8.862
1577	7.685
1578	10.88
1579	10.43
1580	10.34
1581	9.091
1582	9.091
1583	9.091
1584	8.956
1585	8.611
1586	8.611
1587	8.611
1588	8.611
1589	8.611
1590	7.941
1591	8.931
1592	8.319
1593	7.962
1594	7.962
1595	7.979
1596	7.737
1597	8.371
1598	8.209
1599	8.209
1600	8.054
1601	9.919
1602	18.82
1603	13.25
1604	13.25
1605	9.944
1606	8.045
1607	7.332
1608	7.332
1609	8.475
1610	9.296
1611	8.05
1612	9.515
1613	9.515
1614	9.515
1615	9.515
1616	8.737
1617	7.269
1618	9.35
1619	9.441
1620	8.916
1621	10.67
1622	10.67
1623	10.67
1624	10.67
1625	7.171
1626	9.087
1627	9.087
1628	9.087
1629	9.087
1630	8.434
1631	11.33
1632	11.33
1633	7.186
1634	7.704
1635	8.866
1636	7.245
1637	9.019
1638	9.019
1639	14.9
1640	14.9
1641	12.52
1642	12.52
1643	9.939
1644	11.43
1645	8.231
1646	10.88
1647	8.462
1648	8.412
1649	12.72
1650	7.656
1651	7.429
1652	7.46
1653	7.601
1654	7.376
1655	7.52
1656	9.825
1657	7.299
1658	8.099
1659	7.66
1660	8.237
1661	8.1
1662	7.473
1663	9.164
1664	9.164
1665	9.164
1666	9.164
1667	9.164
1668	9.358
1669	7.725
1670	7.725
1671	9.169
1672	9.169
1673	9.169
1674	9.169
1675	7.233
1676	11.87
1677	7.781
1678	8.184
1679	7.585
1680	7.585
1681	8.852
1682	8.852
1683	8.852
1684	8.007
1685	9.695
1686	7.322
1687	7.299
1688	8.168
1689	7.326
1690	9.63
1691	11.71
1692	11.71
1693	9.656
1694	7.239
1695	7.239
1696	9.56
1697	8.475
1698	7.265
1699	7.265
1700	9.171
1701	11.09
1702	11.09
1703	7.394
1704	9.131
1705	9.131
1706	8.583
1707	8.583
1708	8.583
1709	7.352
1710	9.979
1711	10.1
1712	7.633
1713	7.343
1714	7.813
1715	7.813
1716	7.289
1717	7.148
1718	8.571
1719	8.122
1720	7.528
1721	8.063
1722	8.195
1723	7.448
1724	7.28
1725	10.72
1726	10.72
1727	7.993
1728	7.993
1729	8.226
1730	8.061
1731	8.153
1732	7.921
1733	10.55
1734	10.55
1735	7.147
1736	7.351
1737	7.351
1738	8.426
1739	8.426
1740	8.437
1741	9.51
1742	7.551
1743	7.181
1744	13.05
1745	7.327
1746	9.933
1747	9.933
1748	7.562
1749	7.562
1750	9.424
1751	11.53
1752	9.326
1753	7.722
1754	7.315
1755	12.29
1756	10.99
1757	8.63
1758	7.805
1759	7.315
1760	11.88
1761	16.44
1762	10.71
1763	8.502
1764	7.835
1765	9.159
1766	10.64
1767	7.167
1768	7.636
1769	8.918
1770	8.314
1771	9.497
1772	8.006
1773	8.006
1774	7.906
1775	8.587
1776	11.88
1777	11.88
1778	9.067
1779	7.564
1780	7.285
1781	7.471
1782	9.567
1783	8.846
1784	7.548
1785	7.575
1786	7.174
1787	12.57
1788	12.57
1789	12.57
1790	12.57
1791	10.38
1792	7.421
1793	7.793
1794	7.793
1795	7.793
1796	10.31
1797	10.31
1798	8.385
1799	7.286
1800	7.286
1801	8.84
1802	11.85
1803	11.85
1804	11.03
1805	11.03
1806	11.03
1807	11.03
1808	11.03
1809	8.926
1810	8.926
1811	7.563
1812	7.478
1813	9.928
1814	8.998
1815	14.52
1816	8.535
1817	8.022
1818	7.218
1819	9.626
1820	7.271
1821	7.436
1822	7.436
1823	7.436
1824	8.169
1825	9.413
1826	8.34
1827	7.877
1828	8.472
1829	7.475
1830	7.445
1831	8.246
1832	7.362
1833	9.511
1834	9.105
1835	7.551
1836	7.64
1837	7.232
1838	7.232
1839	7.868
1840	7.868
1841	9.507
1842	7.615
1843	7.628
1844	9.469
1845	7.225
1846	7.814
1847	7.796
1848	8.591
1849	7.866
1850	7.866
1851	11.72
1852	8.768
1853	11.98
1854	8.223
1855	7.349
1856	9.52
1857	8.127
1858	10.97
1859	8.727
1860	9.368
1861	8.219
1862	9.126
1863	9.936
1864	7.509
1865	7.64
1866	9.694
1867	9.694
1868	7.734
1869	7.787
1870	7.787
1871	9.105
1872	8.027
1873	7.575
1874	7.81
1875	10.05
1876	10.05
1877	8.148
1878	8.082
1879	8.082
1880	8.293
1881	7.501
1882	8.028
1883	8.028
1884	8.248
1885	8.248
1886	8.335
1887	9.327
1888	10.61
1889	7.42
1890	8.332
1891	7.495
1892	8.288
1893	8.288
1894	8.288
1895	7.765
1896	12.26
1897	8.239
1898	7.199
1899	8.118
1900	8.541
1901	9.318
1902	8.329
1903	11.37
1904	11.37
1905	11.37
1906	8.102
1907	8.636
1908	7.592
1909	7.79
1910	7.418
1911	7.902
1912	7.147
1913	7.147
1914	10.86
1915	10.86
1916	10.86
1917	10.86
1918	8.634
1919	8.661
1920	7.56
1921	7.862
1922	7.862
1923	7.39
1924	7.801
1925	7.816
1926	8.257
1927	10.06
1928	10.31
1929	9.003
1930	15.15
1931	8.331
1932	13.51
1933	7.269
1934	11.47
1935	7.217
1936	7.391
1937	7.391
1938	7.488
1939	8.703
1940	8.703
1941	10.99
1942	8.882
1943	7.326
1944	12.15
1945	12.15
1946	9.546
1947	9.29
1948	7.228
1949	8.495
1950	8.495
1951	11.64
1952	11.64
1953	11.64
1954	9.296
1955	9.299
1956	9.728
1957	9.728
1958	7.228
1959	13.33
1960	13.33
1961	16.75
1962	16.75
1963	16.75
1964	16.75
1965	16.75
1966	16.75
1967	16.75
1968	16.75
1969	16.75
1970	7.401
1971	7.678
1972	7.51
1973	12.09
1974	8.438
1975	7.463
1976	8.325
1977	8.325
1978	9.067
1979	9.039
1980	8.396
1981	7.741
1982	7.741
1983	7.314
1984	8.405
1985	7.46
1986	8.276
1987	8.342
1988	8.342
1989	8.717
1990	8.126
1991	7.489
1992	7.733
1993	12.92
1994	7.202
1995	8.397
1996	8.397
1997	9.989
1998	10.5
1999	7.155
2000	7.155
2001	10.69
2002	10.69
2003	10.18
2004	15.03
2005	8.117
2006	9.861
2007	7.461
2008	7.461
2009	10.47
2010	7.54
2011	11.4
2012	12.42
2013	7.835
2014	7.835
2015	8.845
2016	12.63
2017	7.456
2018	7.427
2019	8.076
2020	10.45
2021	7.679
2022	7.501
2023	7.547
2024	7.547
2025	8.598
2026	10.94
2027	7.791
2028	7.564
2029	8.299
2030	8.299
2031	8.026
2032	8.026
2033	10.24
2034	12.82
2035	8.722
2036	10.18
2037	9.129
2038	8.027
2039	8.027
2040	7.431
2041	8.093
2042	7.887
2043	9.199
2044	8.898
2045	7.529
2046	12.79
2047	12.79
2048	8.334
2049	7.856
2050	7.283
2051	7.34
2052	8.875
2053	8.875
2054	7.687
2055	9.945
2056	8.479
2057	8.479
2058	7.569
2059	8.288
2060	11.51
2061	15.57
2062	7.655
2063	13.33
2064	13.33
2065	13.33
2066	13.33
2067	13.33
2068	13.33
2069	13.33
2070	13.33
2071	7.579
2072	7.579
2073	7.308
2074	7.318
2075	7.608
2076	11.62
2077	11.62
2078	10.55
2079	10.55
2080	10.55
2081	7.997
2082	7.997
2083	7.575
2084	8.4
2085	7.379
2086	8.104
2087	7.242
2088	7.613
2089	10.39
2090	10.39
2091	11.88
2092	8.149
2093	8.585
2094	8.585
2095	8.646
2096	9.196
2097	7.361
2098	7.361
2099	8.623
2100	7.238
2101	7.599
2102	9.881
2103	9.881
2104	7.626
2105	8.615
2106	8.825
2107	9.147
2108	7.576
2109	9.372
2110	9.372
2111	8.258
2112	9.771
2113	9.771
2114	8.383
2115	9.586
2116	10.84
2117	14.15
2118	7.685
2119	7.685
2120	7.579
2121	10.3
2122	8.848
2123	8.848
2124	12.64
2125	12.64
2126	12.64
2127	9.316
2128	18.05
2129	7.643
2130	7.643
2131	7.815
2132	10.26
2133	8.41
2134	8.41
2135	8.41
2136	8.571
2137	9.577
2138	7.535
2139	7.375
2140	8.369
2141	9.846
2142	10.07
2143	7.489
2144	7.44
2145	7.44
2146	7.745
2147	13.57
2148	13.57
2149	13.57
2150	13.57
2151	19.84
2152	19.84
2153	19.84
2154	19.84
2155	19.84
2156	19.84
2157	19.84
2158	19.84
2159	19.84
2160	19.84
2161	14.5
2162	14.5
2163	14.5
2164	14.5
2165	14.5
2166	14.5
2167	14.5
2168	14.5
2169	14.5
2170	14.5
2171	14.01
2172	9.628
2173	7.804
2174	7.69
2175	10.68
2176	8.272
2177	7.935
2178	10.07
2179	9.969
2180	9.23
2181	9.249
2182	7.494
2183	7.494
2184	7.552
2185	7.552
2186	8.489
2187	8.295
2188	8.295
2189	7.815
2190	7.283
2191	7.392
2192	8.097
2193	11.17
2194	8.776
2195	9.497
2196	7.21
2197	7.21
2198	7.749
2199	10.66
2200	10.66
2201	7.304
2202	7.932
2203	8.249
2204	7.153
2205	7.706
2206	9.792
2207	8.868
2208	7.202
2209	8.137
2210	7.544
2211	9.36
2212	10.54
2213	10.54
2214	10.54
2215	7.28
2216	8.252
2217	7.659
2218	7.561
2219	12.93
2220	12.93
2221	10.7
2222	7.684
2223	9.262
2224	11.12
2225	11.12
2226	11.12
2227	11.12
2228	11.12
2229	11.12
2230	11.12
2231	8.145
2232	8.145
2233	8.145
2234	8.145
2235	7.273
2236	16.43
2237	8.7
2238	10.75
2239	10.75
2240	10.75
2241	7.598
2242	7.653
2243	8.689
2244	9.607
2245	8.524
2246	7.922
2247	8.075
2248	8.398
2249	10.6
2250	8.348
2251	11.36
2252	9.74
2253	7.619
2254	7.619
2255	7.298
2256	9.474
2257	7.335
2258	7.251
2259	7.732
2260	9.621
2261	7.151
2262	8.902
2263	11.38
2264	8.794
2265	8.794
2266	8.053
2267	8.053
2268	8.053
2269	8.053
2270	8.053
2271	10.61
2272	10.61
2273	10.61
2274	10.61
2275	9.943
2276	9.943
2277	9.943
2278	9.943
2279	9.943
2280	8.16
2281	8.081
2282	8.081
2283	7.966
2284	7.314
2285	7.185
2286	7.185
2287	12.52
2288	12.52
2289	12.52
2290	12.52
2291	9.101
2292	9.101
2293	9.447
2294	9.447
2295	9.447
2296	9.447
2297	9.447
2298	9.447
2299	7.151
2300	8.837
2301	7.973
2302	13.76
2303	7.644
2304	14.68
2305	14.68
2306	8.069
2307	8.069
2308	8.069
2309	7.247
2310	7.78
2311	8.593
2312	7.988
2313	7.156
2314	7.87
2315	8.973
2316	9.868
2317	8.016
2318	8.016
2319	7.948
2320	10.25
2321	7.587
2322	12.45
2323	12.45
2324	12.45
2325	12.45
2326	13.69
2327	13.69
2328	13.69
2329	13.69
2330	13.69
2331	7.275
2332	8.753
2333	8.885
2334	11.98
2335	8.071
2336	8.062
2337	8.554
2338	8.316
2339	7.923
2340	7.923
2341	13.74
2342	13.74
2343	9.034
2344	8.43
2345	7.488
2346	8.169
2347	7.438
2348	7.438
2349	7.83
2350	9.571
2351	7.763
2352	9.023
2353	10.8
2354	10.8
2355	8.443
2356	8.443
2357	8.443
2358	10.45
2359	8.69
2360	7.242
2361	10.49
2362	7.724
2363	7.239
2364	7.492
2365	7.91
2366	9.585
2367	7.989
2368	8.271
2369	8.441
2370	8.441
2371	8.402
2372	7.411
2373	7.411
2374	8.645
2375	8.645
2376	8.645
2377	9.247
2378	9.247
2379	8.854
2380	7.521
2381	7.214
2382	7.214
2383	7.214
2384	7.436
2385	7.447
2386	8.278
2387	8.712
2388	7.96
2389	14.33
2390	10.29
2391	7.944
2392	7.944
2393	10.07
2394	7.43
2395	7.43
2396	9.8
2397	9.8
2398	9.8
2399	7.684
2400	7.684
2401	8.97
2402	7.254
2403	10.73
2404	8.042
2405	8.042
2406	12.82
2407	12.82
2408	7.52
2409	9.715
2410	16.29
2411	7.624
2412	8.127
2413	12.74
2414	12.74
2415	12.74
2416	12.74
2417	12.74
2418	12.74
2419	12.74
2420	12.74
2421	14.76
2422	14.76
2423	7.311
2424	11.14
2425	10.14
2426	10.14
2427	10.14
2428	10.14
2429	8.213
2430	9.784
2431	9.453
2432	7.276
2433	11.38
2434	8.469
2435	12.05
2436	13.86
2437	8.067
2438	9.019
2439	7.165
2440	11.16
2441	8.841
2442	7.246
2443	7.246
2444	8.102
2445	8.102
2446	7.912
2447	11.83
2448	8.826
2449	8.285
2450	8.177
2451	8.387
2452	11.84
2453	13.7
2454	11.29
2455	8.404
2456	7.918
2457	9.494
2458	7.421
2459	15.25
2460	8.865
2461	8.66
2462	9.038
2463	7.34
2464	7.619
2465	7.619
2466	7.619
2467	10.48
2468	10.48
2469	7.325
2470	7.186
2471	8.002
2472	10.33
2473	11.35
2474	11.35
2475	7.848
2476	8.019
2477	7.438
2478	8.998
2479	9.001
2480	7.213
2481	9.022
2482	10.59
2483	7.284
2484	7.284
2485	9.369
2486	9.369
2487	8.01
2488	8.203
2489	8.203
2490	8.203
2491	10.11
2492	8.091
2493	12.15
2494	7.548
2495	9.295
2496	7.337
2497	10.86
2498	8.243
2499	7.891
2500	7.743
