1251	-0.1737
1252	-0.03969
1253	-0.06594
1254	-0.1797
1255	-0.1143
1256	-0.112
1257	-0.1635
1258	-0.04189
1259	-0.09479
1260	-0.09479
1261	-0.1623
1262	-0.1601
1263	-0.1686
1264	-0.05647
1265	-0.08692
1266	-0.1631
1267	-0.08608
1268	-0.08608
1269	-0.08608
1270	-0.08608
1271	-0.06006
1272	-0.06006
1273	-0.06006
1274	-0.06006
1275	-0.06006
1276	-0.06006
1277	-0.06006
1278	-0.06006
1279	-0.06006
1280	-0.06006
1281	-0.1638
1282	-0.1638
1283	-0.1404
1284	-0.1404
1285	-0.1404
1286	-0.1122
1287	-0.09653
1288	-0.09653
1289	-0.1331
1290	-0.1331
1291	-0.06962
1292	-0.1271
1293	-0.1271
1294	-0.1271
1295	-0.1271
1296	-0.08718
1297	-0.0595
1298	-0.1271
1299	-0.08357
1300	-0.08295
1301	-0.135
1302	-0.1443
1303	-0.0735
1304	-0.1969
1305	-0.1969
1306	-0.1143
1307	-0.1699
1308	-0.1699
1309	-0.1699
1310	-0.08576
1311	-0.06799
1312	-0.06799
1313	-0.06799
1314	-0.06799
1315	-0.06799
1316	-0.06799
1317	-0.06799
1318	-0.1233
1319	-0.1071
1320	-0.1614
1321	-0.1086
1322	-0.1086
1323	-0.1086
1324	-0.1086
1325	-0.1086
1326	-0.1086
1327	-0.1086
1328	-0.08424
1329	-0.06777
1330	-0.1039
1331	-0.1123
1332	-0.1256
1333	-0.1256
1334	-0.1256
1335	-0.1256
1336	-0.1256
1337	-0.1256
1338	-0.1256
1339	-0.1256
1340	-0.1351
1341	-0.1012
1342	-0.125
1343	-0.1472
1344	-0.1265
1345	-0.1908
1346	-0.1908
1347	-0.1908
1348	-0.157
1349	-0.157
1350	-0.157
1351	-0.09488
1352	-0.1821
1353	-0.1821
1354	-0.09608
1355	-0.1602
1356	-0.1186
1357	-0.1186
1358	-0.1473
1359	-0.1088
1360	-0.03261
1361	-0.03592
1362	-0.1549
1363	-0.1035
1364	-0.03052
1365	-0.08056
1366	-0.1239
1367	-0.1239
1368	-0.1239
1369	-0.1239
1370	-0.09937
1371	-0.1991
1372	-0.1282
1373	-0.1254
1374	-0.06084
1375	-0.09344
1376	-0.161
1377	-0.1388
1378	-0.1796
1379	-0.1661
1380	-0.1227
1381	-0.1251
1382	-0.125
1383	-0.1756
1384	-0.1756
1385	-0.1568
1386	-0.08786
1387	-0.01864
1388	-0.01864
1389	-0.01864
1390	-0.1252
1391	-0.1138
1392	-0.1138
1393	-0.1305
1394	-0.1305
1395	-0.1305
1396	-0.1736
1397	-0.1106
1398	-0.1735
1399	-0.09281
1400	-0.1575
1401	-0.03611
1402	-0.1038
1403	-0.1412
1404	-0.1195
1405	-0.1195
1406	-0.1195
1407	-0.1195
1408	-0.1195
1409	-0.1195
1410	-0.1195
1411	-0.1045
1412	-0.1045
1413	-0.1045
1414	-0.1543
1415	-0.1543
1416	-0.1177
1417	-0.0357
1418	-0.08799
1419	-0.068
1420	-0.02146
1421	-0.07638
1422	-0.07638
1423	-0.07638
1424	-0.08781
1425	-0.09527
1426	-0.07856
1427	-0.1221
1428	-0.1289
1429	-0.1788
1430	-0.1788
1431	-0.103
1432	-0.103
1433	-0.09727
1434	-0.09727
1435	-0.09727
1436	-0.05444
1437	-0.188
1438	-0.1644
1439	-0.1644
1440	-0.1416
1441	-0.1756
1442	0.03659
1443	0.03659
1444	0.03659
1445	-0.07169
1446	-0.143
1447	-0.1299
1448	-0.115
1449	-0.001297
1450	-0.1483
1451	-0.1278
1452	-0.1433
1453	-0.1086
1454	-0.1086
1455	-0.1086
1456	-0.1086
1457	-0.1086
1458	-0.1086
1459	-0.1086
1460	-0.1086
1461	-0.171
1462	-0.171
1463	-0.171
1464	-0.171
1465	-0.171
1466	-0.171
1467	-0.08485
1468	-0.1207
1469	-0.08416
1470	-0.08416
1471	-0.1504
1472	-0.03476
1473	-0.1086
1474	-0.07347
1475	-0.1166
1476	-0.1003
1477	-0.0341
1478	-0.0341
1479	-0.1029
1480	-0.1029
1481	-0.1118
1482	-0.1118
1483	-0.1118
1484	-0.1118
1485	-0.1118
1486	-0.1118
1487	-0.1722
1488	-0.08218
1489	-0.08218
1490	-0.03836
1491	-0.1059
1492	-0.1182
1493	-0.07259
1494	-0.07259
1495	-0.09635
1496	-0.169
1497	-0.1346
1498	-0.1101
1499	-0.0475
1500	-0.1156
1501	-0.09209
1502	-0.05556
1503	-0.1061
1504	-0.1061
1505	-0.1061
1506	-0.1061
1507	-0.08398
1508	-0.09119
1509	-0.09119
1510	-0.09119
1511	-0.08809
1512	-0.1538
1513	-0.1095
1514	-0.1045
1515	-0.07589
1516	-0.0985
1517	-0.0985
1518	-0.0985
1519	-0.0985
1520	-0.0985
1521	-0.1933
1522	-0.1203
1523	-0.09502
1524	-0.09502
1525	-0.09502
1526	-0.09502
1527	-0.1041
1528	-0.1041
1529	-0.1041
1530	-0.08982
1531	-0.1475
1532	-0.1428
1533	-0.1081
1534	-0.1081
1535	-0.1446
1536	-0.1522
1537	-0.1543
1538	-0.09889
1539	-0.09889
1540	-0.1709
1541	-0.1524
1542	-0.1651
1543	-0.1651
1544	-0.1651
1545	-0.1464
1546	-0.099
1547	-0.099
1548	-0.099
1549	-0.09657
1550	-0.09657
1551	-0.07013
1552	-0.07013
1553	-0.07013
1554	-0.07013
1555	-0.07013
1556	-0.07013
1557	-0.07013
1558	-0.07013
1559	-0.14
1560	-0.09087
1561	-0.12
1562	-0.108
1563	-0.1529
1564	-0.1529
1565	-0.111
1566	-0.08514
1567	-0.1555
1568	-0.1555
1569	-0.1365
1570	-0.1365
1571	-0.1281
1572	-0.1281
1573	-0.1281
1574	-0.1281
1575	-0.1281
1576	-0.1011
1577	-0.1439
1578	-0.05858
1579	-0.1013
1580	-0.1013
1581	-0.03432
1582	-0.1634
1583	-0.1127
1584	-0.08878
1585	-0.1487
1586	-0.1287
1587	-0.1197
1588	-0.1908
1589	-0.1222
1590	-0.1222
1591	0.008699
1592	0.008699
1593	0.008699
1594	-0.1168
1595	-0.05942
1596	-0.1073
1597	-0.1404
1598	-0.1032
1599	-0.1032
1600	-0.1077
1601	-0.07519
1602	-0.1239
1603	-0.1011
1604	-0.1708
1605	-0.08839
1606	-0.08002
1607	-0.09455
1608	-0.1956
1609	-0.1956
1610	-0.04739
1611	0.02379
1612	-0.1278
1613	-0.09083
1614	-0.1232
1615	-0.1113
1616	-0.09021
1617	-0.09021
1618	-0.09021
1619	-0.1044
1620	-0.09693
1621	-0.05067
1622	-0.05067
1623	-0.05067
1624	-0.05067
1625	-0.05067
1626	-0.05067
1627	-0.05948
1628	-0.1058
1629	-0.1058
1630	-0.1036
1631	-0.1295
1632	-0.1295
1633	-0.1579
1634	-0.1506
1635	-0.1506
1636	-0.1506
1637	-0.07604
1638	-0.07604
1639	-0.1299
1640	-0.1299
1641	-0.02742
1642	-0.02742
1643	-0.1658
1644	-0.09938
1645	-0.1248
1646	-0.1363
1647	-0.1063
1648	-0.1193
1649	-0.1193
1650	-0.1193
1651	-0.1512
1652	-0.1512
1653	-0.1512
1654	-0.1512
1655	-0.1535
1656	-0.09661
1657	-0.09661
1658	-0.05555
1659	-0.05555
1660	-0.06043
1661	-0.06465
1662	-0.1127
1663	-0.1127
1664	-0.1127
1665	-0.09318
1666	-0.0911
1667	-0.0911
1668	-0.1531
1669	-0.1313
1670	-0.05795
1671	-0.1038
1672	-0.1038
1673	-0.1156
1674	-0.1156
1675	-0.1156
1676	-0.1156
1677	-0.1156
1678	-0.1156
1679	-0.1156
1680	-0.1421
1681	-0.1745
1682	-0.1745
1683	-0.1745
1684	-0.03551
1685	-0.08849
1686	-0.1201
1687	-0.07158
1688	-0.1113
1689	-0.1171
1690	-0.1171
1691	-0.1294
1692	-0.08582
1693	-0.08582
1694	-0.06235
1695	-0.04212
1696	-0.04212
1697	-0.1161
1698	-0.1161
1699	-0.07933
1700	-0.1505
1701	-0.1283
1702	-0.05298
1703	-0.06944
1704	-0.1342
1705	-0.1546
1706	-0.1349
1707	-0.1365
1708	-0.1365
1709	-0.1365
1710	-0.1015
1711	-0.1312
1712	-0.1477
1713	-0.08573
1714	-0.087
1715	-0.087
1716	0.05254
1717	-0.1564
1718	-0.06838
1719	-0.07208
1720	-0.186
1721	-0.1332
1722	-0.1018
1723	-0.1018
1724	-0.1018
1725	-0.1436
1726	-0.1549
1727	-0.1549
1728	-0.1549
1729	-0.1549
1730	-0.1948
1731	-0.1477
1732	-0.1021
1733	-0.09252
1734	-0.0958
1735	-0.1627
1736	-0.1627
1737	-0.1627
1738	-0.1627
1739	-0.1367
1740	-0.1733
1741	-0.08041
1742	-0.06771
1743	-0.09185
1744	-0.1044
1745	-0.1516
1746	-0.1357
1747	-0.1962
1748	-0.05185
1749	-0.1348
1750	-0.1524
1751	-0.1621
1752	-0.1621
1753	-0.1338
1754	-0.0721
1755	-0.07375
1756	-0.1278
1757	-0.03506
1758	-0.09794
1759	-0.1522
1760	-0.09867
1761	-0.1502
1762	-0.1502
1763	-0.104
1764	-0.2074
1765	-0.2074
1766	-0.0861
1767	-0.1297
1768	-0.1297
1769	-0.1822
1770	-0.1822
1771	-0.07204
1772	-0.1289
1773	-0.1028
1774	-0.1028
1775	-0.05956
1776	-0.1145
1777	-0.1723
1778	-0.1723
1779	-0.1489
1780	-0.1489
1781	-0.1975
1782	-0.1502
1783	-0.09838
1784	-0.1849
1785	-0.07367
1786	-0.04325
1787	-0.04325
1788	0.006567
1789	-0.1165
1790	-0.0847
1791	-0.1051
1792	-0.1506
1793	-0.1379
1794	-0.1379
1795	-0.1379
1796	-0.1405
1797	-0.04699
1798	-0.07128
1799	-0.1669
1800	-0.1547
1801	-0.08701
1802	-0.0601
1803	-0.079
1804	-0.1113
1805	-0.09948
1806	-0.1102
1807	-0.118
1808	-0.03769
1809	-0.03769
1810	-0.003509
1811	-0.09456
1812	-0.2199
1813	-0.1027
1814	-0.1135
1815	-0.1403
1816	-0.1348
1817	-0.01475
1818	-0.04635
1819	-0.04635
1820	-0.1407
1821	-0.2114
1822	-0.1471
1823	-0.1471
1824	-0.1471
1825	-0.1471
1826	-0.1162
1827	-0.1162
1828	-0.1162
1829	-0.07514
1830	-0.0955
1831	-0.07313
1832	-0.1514
1833	-0.09088
1834	-0.1372
1835	-0.1336
1836	-0.1336
1837	-0.1336
1838	-0.1336
1839	-0.1336
1840	-0.1336
1841	-0.1938
1842	-0.1065
1843	-0.1453
1844	-0.1419
1845	-0.1419
1846	-0.1321
1847	-0.1321
1848	-0.1628
1849	-0.1357
1850	-0.143
1851	-0.09952
1852	-0.07589
1853	-0.02408
1854	-0.1589
1855	-0.09676
1856	-0.1164
1857	-0.08594
1858	-0.03897
1859	-0.03897
1860	-0.07217
1861	-0.02577
1862	-0.02577
1863	-0.1094
1864	-0.0263
1865	-0.07843
1866	-0.1225
1867	-0.169
1868	-0.09628
1869	-0.004459
1870	-0.1782
1871	-0.1378
1872	-0.1303
1873	-0.07706
1874	-0.07706
1875	-0.09696
1876	-0.09696
1877	-0.1365
1878	-0.1365
1879	-0.1037
1880	-0.1037
1881	-0.1211
1882	-0.1211
1883	-0.1211
1884	-0.06382
1885	-0.1422
1886	-0.07303
1887	-0.04856
1888	-0.009783
1889	-0.009783
1890	-0.09052
1891	-0.1943
1892	-0.1292
1893	-0.1278
1894	-0.1278
1895	-0.1278
1896	-0.1328
1897	-0.09061
1898	-0.1046
1899	-0.1046
1900	-0.1046
1901	-0.06034
1902	-0.1245
1903	-0.1245
1904	-0.1245
1905	-0.1245
1906	-0.1516
1907	0.009646
1908	-0.08744
1909	-0.03796
1910	-0.03796
1911	-0.1378
1912	-0.1378
1913	-0.1298
1914	-0.1728
1915	-0.1728
1916	-0.1728
1917	-0.1728
1918	-0.07704
1919	-0.1827
1920	-0.08919
1921	-0.07885
1922	-0.1214
1923	-0.06161
1924	-0.06161
1925	-0.1189
1926	-0.1473
1927	-0.1418
1928	-0.1418
1929	-0.1418
1930	-0.1418
1931	-0.1623
1932	-0.1372
1933	-0.1271
1934	-0.1264
1935	-0.1264
1936	-0.1009
1937	-0.1189
1938	-0.03716
1939	-0.1047
1940	-0.1047
1941	-0.09786
1942	-0.1658
1943	-0.1273
1944	-0.1288
1945	-0.1253
1946	-0.1253
1947	-0.1363
1948	-0.09738
1949	-0.09738
1950	-0.1592
1951	-0.07219
1952	-0.07219
1953	-0.1008
1954	-0.1081
1955	-0.07303
1956	-0.09124
1957	-0.1312
1958	-0.1408
1959	-0.1513
1960	-0.08643
1961	-0.1031
1962	-0.1031
1963	-0.1552
1964	-0.07785
1965	-0.1377
1966	-0.1116
1967	-0.07298
1968	-0.1236
1969	-0.1236
1970	-0.07054
1971	-0.07177
1972	-0.07177
1973	-0.07876
1974	0.007244
1975	-0.07106
1976	-0.1311
1977	-0.06517
1978	-0.1188
1979	-0.1252
1980	-0.1219
1981	-0.1083
1982	-0.1439
1983	-0.1439
1984	-0.1386
1985	-0.1386
1986	-0.1386
1987	-0.1496
1988	-0.05883
1989	-0.1029
1990	-0.1029
1991	-0.04788
1992	-0.04788
1993	-0.04788
1994	-0.04788
1995	-0.04788
1996	-0.04788
1997	-0.04788
1998	-0.04788
1999	-0.04788
2000	-0.04788
2001	-0.1694
2002	-0.1694
2003	-0.1694
2004	-0.05931
2005	-0.05931
2006	-0.05931
2007	-0.05931
2008	-0.05931
2009	-0.05931
2010	-0.07122
2011	-0.08435
2012	-0.08435
2013	-0.1065
2014	-0.005577
2015	-0.1559
2016	-0.0505
2017	-0.09085
2018	-0.1294
2019	-0.1294
2020	-0.1294
2021	-0.1614
2022	-0.1618
2023	-0.1618
2024	-0.1618
2025	-0.09615
2026	-0.09615
2027	-0.1529
2028	-0.09706
2029	-0.09706
2030	-0.1187
2031	-0.1818
2032	-0.1818
2033	-0.1818
2034	-0.06778
2035	-0.1241
2036	-0.08756
2037	-0.1257
2038	-0.1041
2039	-0.05646
2040	-0.09732
2041	-0.06218
2042	-0.08059
2043	-0.0627
2044	-0.1918
2045	-0.1612
2046	-0.1483
2047	-0.08722
2048	-0.08722
2049	-0.08722
2050	-0.08722
2051	-0.1586
2052	-0.1003
2053	-0.08409
2054	-0.08409
2055	-0.08409
2056	-0.08409
2057	-0.1313
2058	-0.1276
2059	-0.127
2060	-0.1343
2061	-0.03339
2062	-0.03339
2063	-0.03339
2064	-0.03339
2065	-0.03339
2066	-0.03339
2067	-0.03288
2068	-0.0225
2069	-0.0225
2070	-0.05184
2071	-0.09189
2072	-0.1096
2073	-0.1194
2074	-0.1052
2075	-0.06805
2076	-0.1116
2077	-0.1177
2078	-0.1561
2079	-0.1559
2080	-0.1559
2081	-0.0623
2082	-0.0623
2083	-0.1193
2084	-0.134
2085	-0.05814
2086	-0.06857
2087	-0.05173
2088	-0.1153
2089	-0.06901
2090	-0.05666
2091	-0.06882
2092	-0.06882
2093	-0.1954
2094	-0.1169
2095	-0.1178
2096	-0.1736
2097	-0.1909
2098	-0.1909
2099	-0.0947
2100	-0.08314
2101	-0.08921
2102	-0.08921
2103	-0.08921
2104	-0.1056
2105	-0.1056
2106	-0.0845
2107	-0.1368
2108	-0.1368
2109	-0.1337
2110	-0.1337
2111	-0.156
2112	-0.06312
2113	-0.1879
2114	-0.09665
2115	-0.1149
2116	-0.1149
2117	0.01259
2118	0.01259
2119	-0.08177
2120	-0.1019
2121	-0.108
2122	-0.108
2123	-0.108
2124	-0.1293
2125	-0.1293
2126	-0.06739
2127	-0.1606
2128	-0.1642
2129	-0.1642
2130	-0.1642
2131	-0.09381
2132	-0.08433
2133	-0.0736
2134	-0.04178
2135	-0.1301
2136	-0.06875
2137	-0.1111
2138	-0.1111
2139	-0.0999
2140	-0.1177
2141	-0.1454
2142	-0.1402
2143	-0.1283
2144	-0.09016
2145	-0.1167
2146	-0.1139
2147	-0.1139
2148	-0.1505
2149	-0.1505
2150	-0.1505
2151	-0.09569
2152	-0.09569
2153	-0.1234
2154	-0.1308
2155	-0.111
2156	-0.1038
2157	-0.1127
2158	-0.09268
2159	-0.09268
2160	-0.1141
2161	-0.1284
2162	-0.1284
2163	-0.1284
2164	-0.1122
2165	-0.09566
2166	-0.1329
2167	-0.106
2168	-0.1007
2169	-0.1074
2170	-0.08067
2171	-0.08546
2172	-0.06227
2173	-0.1522
2174	-0.1014
2175	-0.1014
2176	-0.1014
2177	-0.1014
2178	-0.1014
2179	-0.05941
2180	-0.1419
2181	-0.05286
2182	-0.1319
2183	-0.009142
2184	-0.009142
2185	-0.009142
2186	-0.07157
2187	-0.1036
2188	0.01412
2189	0.01412
2190	-0.01643
2191	-0.04574
2192	-0.1398
2193	-0.09134
2194	-0.11
2195	-0.11
2196	-0.11
2197	-0.11
2198	-0.1239
2199	-0.1568
2200	-0.06118
2201	-0.1023
2202	-0.1023
2203	-0.09175
2204	-0.04708
2205	-0.06986
2206	-0.04978
2207	-0.1266
2208	-0.1237
2209	-0.1237
2210	-0.1237
2211	-0.1292
2212	-0.2095
2213	-0.2095
2214	-0.2095
2215	-0.04863
2216	-0.07494
2217	-0.1452
2218	-0.175
2219	-0.06407
2220	-0.149
2221	-0.1267
2222	-0.1064
2223	-0.1221
2224	-0.1451
2225	-0.1025
2226	-0.1025
2227	-0.1159
2228	-0.1159
2229	-0.06385
2230	-0.06385
2231	-0.1525
2232	-0.1705
2233	-0.1213
2234	-0.1213
2235	-0.1213
2236	-0.09994
2237	-0.08133
2238	-0.06051
2239	-0.06051
2240	-0.06051
2241	-0.1624
2242	-0.1624
2243	-0.1431
2244	-0.04416
2245	-0.04416
2246	-0.1615
2247	-0.08681
2248	-0.132
2249	-0.132
2250	-0.1199
2251	-0.1044
2252	-0.08323
2253	-0.08323
2254	-0.09627
2255	-0.03521
2256	-0.07652
2257	-0.1054
2258	-0.1168
2259	-0.1168
2260	-0.1262
2261	-0.1235
2262	-0.142
2263	-0.142
2264	-0.09763
2265	-0.1431
2266	-0.1431
2267	-0.09404
2268	-0.1361
2269	-0.1361
2270	-0.1056
2271	-0.05919
2272	-0.05919
2273	-0.07256
2274	-0.07256
2275	-0.1201
2276	-0.1201
2277	-0.1438
2278	-0.1438
2279	-0.07814
2280	-0.1489
2281	-0.1271
2282	-0.09016
2283	-0.1223
2284	-0.1534
2285	-0.07664
2286	-0.06622
2287	-0.06653
2288	-0.1348
2289	-0.1348
2290	-0.1341
2291	-0.1413
2292	-0.09713
2293	-0.1543
2294	-0.1543
2295	-0.1138
2296	-0.1093
2297	-0.1684
2298	-0.1684
2299	-0.1424
2300	-0.08142
2301	-0.08158
2302	-0.1289
2303	-0.1031
2304	-0.1031
2305	-0.1031
2306	-0.1414
2307	-0.1238
2308	-0.1004
2309	-0.1541
2310	-0.1678
2311	-0.1081
2312	-0.1366
2313	-0.1366
2314	-0.1116
2315	-0.06164
2316	-0.1289
2317	-0.1289
2318	-0.119
2319	-0.06179
2320	-0.09454
2321	-0.1325
2322	-0.1201
2323	-0.05868
2324	-0.1181
2325	-0.06153
2326	-0.1475
2327	-0.08289
2328	-0.1271
2329	-0.1027
2330	-0.149
2331	-0.1656
2332	-0.1625
2333	-0.1625
2334	-0.1469
2335	-0.0734
2336	-0.1321
2337	-0.09969
2338	-0.138
2339	-0.1762
2340	-0.1094
2341	-0.1972
2342	-0.1142
2343	-0.06556
2344	-0.1226
2345	-0.06983
2346	-0.1156
2347	-0.09137
2348	-0.1624
2349	-0.1476
2350	-0.1182
2351	-0.1361
2352	-0.07893
2353	-0.07893
2354	-0.07893
2355	-0.13
2356	-0.1541
2357	-0.1369
2358	-0.1369
2359	-0.1369
2360	-0.1369
2361	-0.1175
2362	-0.02644
2363	-0.1423
2364	-0.08055
2365	-0.08055
2366	-0.009272
2367	-0.05707
2368	-0.1111
2369	-0.1789
2370	-0.1789
2371	-0.1433
2372	-0.1433
2373	-0.1162
2374	-0.09474
2375	-0.09474
2376	-0.09474
2377	-0.1328
2378	-0.0886
2379	-0.1101
2380	-0.05415
2381	-0.1197
2382	-0.1197
2383	-0.1197
2384	-0.1197
2385	-0.1197
2386	-0.1197
2387	-0.1197
2388	-0.1197
2389	-0.1197
2390	-0.07216
2391	-0.08512
2392	-0.0536
2393	-0.05403
2394	-0.1254
2395	-0.1079
2396	-0.1122
2397	-0.0667
2398	-0.1231
2399	-0.1742
2400	-0.04818
2401	-0.1422
2402	-0.13
2403	-0.13
2404	-0.1528
2405	-0.05617
2406	-0.1303
2407	-0.1553
2408	-0.1553
2409	-0.08415
2410	-0.08415
2411	-0.1451
2412	-0.1356
2413	-0.1356
2414	-0.1136
2415	-0.1136
2416	-0.1136
2417	-0.1136
2418	-0.1345
2419	-0.1345
2420	-0.05155
2421	-0.1475
2422	-0.09365
2423	-0.04601
2424	-0.04601
2425	-0.04369
2426	-0.1395
2427	-0.1447
2428	-0.124
2429	-0.04377
2430	-0.02413
2431	-0.05075
2432	-0.05075
2433	-0.03213
2434	-0.1029
2435	-0.1029
2436	-0.1029
2437	-0.1029
2438	-0.1029
2439	-0.1029
2440	-0.1048
2441	-0.06737
2442	-0.07627
2443	-0.1407
2444	-0.1407
2445	-0.1482
2446	-0.07894
2447	-0.06816
2448	-0.05567
2449	-0.1518
2450	-0.1305
2451	-0.1218
2452	-0.06392
2453	-0.01759
2454	-0.116
2455	-0.1818
2456	-0.08735
2457	-0.08735
2458	-0.1414
2459	-0.1021
2460	-0.06566
2461	-0.09437
2462	-0.1538
2463	-0.1273
2464	-0.1072
2465	-0.08262
2466	-0.1095
2467	-0.1095
2468	-0.1796
2469	-0.09739
2470	-0.0952
2471	-0.1033
2472	-0.08093
2473	-0.1485
2474	-0.08593
2475	-0.1418
2476	-0.1617
2477	-0.145
2478	-0.1161
2479	-0.1161
2480	-0.07159
2481	-0.1279
2482	-0.1279
2483	-0.1279
2484	-0.1279
2485	-0.1279
2486	-0.1279
2487	-0.1279
2488	-0.1279
2489	-0.1279
2490	-0.1145
2491	-0.1261
2492	-0.1442
2493	-0.05524
2494	-0.05524
2495	-0.05524
2496	-0.05524
2497	-0.1131
2498	-0.09493
2499	-0.09493
2500	-0.1406
1251	1.188
1252	0.3148
1253	0.4303
1254	1.293
1255	1.053
1256	0.9474
1257	1.583
1258	0.3762
1259	1.063
1260	1.063
1261	1.677
1262	1.546
1263	1.022
1264	0.424
1265	0.6739
1266	1.603
1267	0.8502
1268	0.8502
1269	0.8502
1270	0.8502
1271	0.9401
1272	0.9401
1273	0.9401
1274	0.9401
1275	0.9401
1276	0.9401
1277	0.9401
1278	0.9401
1279	0.9401
1280	0.9401
1281	2.064
1282	2.064
1283	1.335
1284	1.335
1285	1.335
1286	0.8242
1287	0.6899
1288	0.6899
1289	1.246
1290	1.246
1291	0.6831
1292	1.149
1293	1.149
1294	1.149
1295	1.149
1296	0.7337
1297	0.402
1298	1.332
1299	0.7626
1300	0.6887
1301	1.077
1302	1.114
1303	0.5022
1304	1.223
1305	1.223
1306	1.086
1307	1.459
1308	1.459
1309	1.459
1310	0.4792
1311	0.822
1312	0.822
1313	0.822
1314	0.822
1315	0.822
1316	0.822
1317	0.822
1318	1.361
1319	1.09
1320	1.207
1321	1.453
1322	1.453
1323	1.453
1324	1.453
1325	1.453
1326	1.453
1327	1.453
1328	0.6187
1329	0.4566
1330	0.8595
1331	1.041
1332	1.294
1333	1.294
1334	1.294
1335	1.294
1336	1.294
1337	1.294
1338	1.294
1339	1.294
1340	0.9275
1341	0.7919
1342	0.9
1343	1.122
1344	0.879
1345	1.79
1346	1.79
1347	1.79
1348	1.398
1349	1.398
1350	1.398
1351	0.8527
1352	1.446
1353	1.446
1354	0.6656
1355	1.072
1356	1.1
1357	1.1
1358	0.8679
1359	0.7809
1360	0.2297
1361	0.2259
1362	1.039
1363	0.6123
1364	0.1771
1365	0.7315
1366	1.347
1367	1.347
1368	1.347
1369	1.347
1370	0.9128
1371	1.271
1372	1.065
1373	0.8219
1374	0.4497
1375	0.8314
1376	1.348
1377	1.396
1378	1.638
1379	1.601
1380	1.081
1381	0.8789
1382	1.254
1383	1.161
1384	1.161
1385	1.196
1386	0.4416
1387	0.1108
1388	0.1108
1389	0.1108
1390	0.7001
1391	1.051
1392	1.051
1393	1.372
1394	1.372
1395	1.372
1396	1.458
1397	1.055
1398	1.484
1399	0.8038
1400	0.9433
1401	0.1911
1402	0.7608
1403	1.387
1404	1.447
1405	1.447
1406	1.447
1407	1.447
1408	1.447
1409	1.447
1410	1.447
1411	1.394
1412	1.394
1413	1.394
1414	1.58
1415	1.58
1416	0.8874
1417	0.3212
1418	0.8484
1419	0.4213
1420	0.1399
1421	0.7417
1422	0.7417
1423	0.7417
1424	0.5749
1425	0.638
1426	0.5338
1427	1.074
1428	1.161
1429	1.709
1430	1.709
1431	1.029
1432	1.029
1433	0.9837
1434	0.9837
1435	0.9837
1436	0.4133
1437	1.389
1438	1.815
1439	1.815
1440	1.452
1441	1.248
1442	-0.195
1443	-0.195
1444	-0.195
1445	0.4644
1446	0.6911
1447	0.5893
1448	0.424
1449	0.007635
1450	1.421
1451	0.9045
1452	1.623
1453	1.505
1454	1.505
1455	1.505
1456	1.505
1457	1.505
1458	1.505
1459	1.505
1460	1.505
1461	2.405
1462	2.405
1463	2.405
1464	2.405
1465	2.405
1466	2.405
1467	0.8591
1468	1.042
1469	0.9134
1470	0.9134
1471	1.563
1472	0.26
1473	0.755
1474	0.4194
1475	1.319
1476	0.7714
1477	0.2568
1478	0.2568
1479	0.9226
1480	0.9226
1481	1.29
1482	1.29
1483	1.29
1484	1.29
1485	1.29
1486	1.29
1487	1.213
1488	0.7487
1489	0.7487
1490	0.2923
1491	1.23
1492	0.8996
1493	0.7557
1494	0.7557
1495	0.8069
1496	1.742
1497	1.179
1498	0.6635
1499	0.386
1500	0.9928
1501	1.02
1502	0.4665
1503	1.022
1504	1.022
1505	1.022
1506	1.022
1507	0.5831
1508	0.915
1509	0.915
1510	0.915
1511	0.6551
1512	1.78
1513	1.138
1514	0.9026
1515	0.6025
1516	1.418
1517	1.418
1518	1.418
1519	1.418
1520	1.418
1521	2.419
1522	1.072
1523	1.174
1524	1.174
1525	1.174
1526	1.174
1527	0.7226
1528	0.7226
1529	0.7226
1530	0.797
1531	1.609
1532	1.276
1533	0.884
1534	0.884
1535	0.8236
1536	1.027
1537	1.182
1538	0.8736
1539	0.8736
1540	1.402
1541	1.194
1542	2.416
1543	2.416
1544	2.416
1545	1.17
1546	1.042
1547	1.042
1548	1.042
1549	0.9001
1550	0.9001
1551	0.796
1552	0.796
1553	0.796
1554	0.796
1555	0.796
1556	0.796
1557	0.796
1558	0.796
1559	1.238
1560	0.904
1561	1.3
1562	0.8032
1563	1.343
1564	1.343
1565	0.791
1566	0.5961
1567	1.636
1568	1.636
1569	1.44
1570	1.44
1571	1.682
1572	1.682
1573	1.682
1574	1.682
1575	1.682
1576	0.889
1577	1.451
1578	0.3764
1579	0.4596
1580	0.4596
1581	0.2111
1582	1.272
1583	0.9481
1584	0.8969
1585	1.261
1586	1.105
1587	0.8729
1588	1.113
1589	0.5022
1590	0.5022
1591	-0.06035
1592	-0.06035
1593	-0.06035
1594	0.6594
1595	0.3933
1596	0.7548
1597	1.488
1598	0.9461
1599	0.9461
1600	0.8722
1601	0.6089
1602	0.8399
1603	0.8219
1604	1.325
1605	0.5154
1606	0.4501
1607	0.5179
1608	1.548
1609	1.548
1610	0.408
1611	-0.1922
1612	1.193
1613	0.6626
1614	1.23
1615	1.123
1616	0.8799
1617	0.8799
1618	0.8799
1619	0.7537
1620	0.7733
1621	0.484
1622	0.484
1623	0.484
1624	0.484
1625	0.484
1626	0.484
1627	0.5031
1628	1.153
1629	1.153
1630	1.231
1631	1.013
1632	1.013
1633	1.383
1634	1.565
1635	1.565
1636	1.565
1637	0.6411
1638	0.6411
1639	1.197
1640	1.197
1641	0.2375
1642	0.2375
1643	1.322
1644	0.9114
1645	0.8804
1646	1.004
1647	0.8906
1648	1.69
1649	1.69
1650	1.69
1651	1.73
1652	1.73
1653	1.73
1654	1.73
1655	1.267
1656	1.146
1657	1.146
1658	0.4735
1659	0.4735
1660	0.5118
1661	0.3814
1662	1.022
1663	1.022
1664	1.022
1665	0.7639
1666	0.8348
1667	0.8348
1668	1.146
1669	0.9993
1670	0.401
1671	0.9808
1672	0.9808
1673	1.338
1674	1.338
1675	1.338
1676	1.338
1677	1.338
1678	1.338
1679	1.338
1680	1.63
1681	1.864
1682	1.864
1683	1.864
1684	0.2694
1685	0.8489
1686	0.9982
1687	0.4406
1688	0.8404
1689	0.8498
1690	0.8498
1691	1.122
1692	0.6703
1693	0.6703
1694	0.367
1695	0.3626
1696	0.3626
1697	1.169
1698	1.169
1699	0.6054
1700	1.096
1701	0.7511
1702	0.2976
1703	0.4358
1704	1.078
1705	1.217
1706	1.411
1707	1.674
1708	1.674
1709	1.674
1710	1.26
1711	1.339
1712	0.8658
1713	0.5261
1714	0.5579
1715	0.5579
1716	-0.3077
1717	0.8208
1718	0.4667
1719	0.5912
1720	2.105
1721	1.17
1722	1.216
1723	1.216
1724	1.216
1725	1.365
1726	1.479
1727	1.479
1728	1.479
1729	1.479
1730	1.379
1731	1.08
1732	0.6278
1733	0.7289
1734	0.6252
1735	1.79
1736	1.79
1737	1.79
1738	1.79
1739	1.01
1740	1.478
1741	0.5055
1742	0.4264
1743	0.9146
1744	0.6333
1745	1.365
1746	0.7835
1747	1.215
1748	0.2639
1749	0.7876
1750	0.9266
1751	1.286
1752	1.286
1753	1.363
1754	0.5474
1755	0.4669
1756	1.145
1757	0.216
1758	0.8623
1759	1.091
1760	0.9332
1761	1.372
1762	1.372
1763	0.9767
1764	1.613
1765	1.613
1766	0.6805
1767	0.9968
1768	0.9968
1769	2.014
1770	2.014
1771	0.4349
1772	0.9387
1773	1.03
1774	1.03
1775	0.4553
1776	0.8511
1777	1.544
1778	1.544
1779	1.314
1780	1.314
1781	1.376
1782	1.126
1783	0.5414
1784	1.415
1785	0.4915
1786	0.2073
1787	0.2073
1788	-0.04473
1789	0.6504
1790	0.7287
1791	0.8438
1792	1.267
1793	1.278
1794	1.278
1795	1.278
1796	1.044
1797	0.3315
1798	0.578
1799	1.229
1800	1.235
1801	0.8356
1802	0.5254
1803	0.7505
1804	0.9448
1805	0.6774
1806	0.7288
1807	0.7361
1808	0.2479
1809	0.2479
1810	0.02223
1811	0.7517
1812	1.431
1813	0.7487
1814	0.5896
1815	0.9627
1816	1.248
1817	0.09737
1818	0.4449
1819	0.4449
1820	1.879
1821	1.764
1822	1.796
1823	1.796
1824	1.796
1825	1.796
1826	1.147
1827	1.147
1828	1.147
1829	0.7775
1830	0.7184
1831	0.5049
1832	1.368
1833	0.892
1834	2.031
1835	1.669
1836	1.669
1837	1.669
1838	1.669
1839	1.669
1840	1.669
1841	1.408
1842	1.195
1843	1.516
1844	1.543
1845	1.543
1846	1.039
1847	1.039
1848	0.8605
1849	0.9028
1850	1.455
1851	0.8642
1852	0.5508
1853	0.1157
1854	1.044
1855	0.8634
1856	0.9795
1857	0.478
1858	0.3143
1859	0.3143
1860	0.3807
1861	0.1517
1862	0.1517
1863	1.036
1864	0.1845
1865	0.5177
1866	0.8542
1867	1.53
1868	0.8904
1869	0.03789
1870	1.747
1871	1.075
1872	0.7454
1873	0.3732
1874	0.3732
1875	0.5843
1876	0.5843
1877	1.108
1878	1.108
1879	0.8528
1880	0.8528
1881	0.984
1882	0.984
1883	0.984
1884	0.5263
1885	1.496
1886	0.6182
1887	0.3188
1888	0.04573
1889	0.04573
1890	0.8585
1891	1.623
1892	1.23
1893	1.105
1894	1.105
1895	1.105
1896	1.217
1897	0.7909
1898	0.5356
1899	0.5356
1900	0.5356
1901	0.4778
1902	1.342
1903	1.342
1904	1.342
1905	1.342
1906	0.9397
1907	-0.0664
1908	0.516
1909	0.3436
1910	0.3436
1911	1.344
1912	1.344
1913	1.026
1914	1.594
1915	1.594
1916	1.594
1917	1.594
1918	0.6563
1919	1.083
1920	0.4765
1921	0.4865
1922	0.8413
1923	0.4823
1924	0.4823
1925	1.014
1926	0.7543
1927	1.248
1928	1.248
1929	1.248
1930	1.248
1931	1.565
1932	1.11
1933	0.8018
1934	0.8778
1935	0.8778
1936	0.6691
1937	1.081
1938	0.3025
1939	0.7802
1940	0.7802
1941	0.7194
1942	1.575
1943	0.8321
1944	0.9536
1945	1.19
1946	1.19
1947	0.87
1948	0.5521
1949	0.5521
1950	0.9066
1951	0.6784
1952	0.6784
1953	0.7881
1954	1.027
1955	0.547
1956	0.452
1957	1.109
1958	1.352
1959	1.171
1960	0.5549
1961	0.5444
1962	0.5444
1963	1.093
1964	0.6482
1965	0.9568
1966	0.8628
1967	0.3514
1968	0.7106
1969	0.7106
1970	0.5617
1971	0.5585
1972	0.5585
1973	0.4406
1974	-0.04289
1975	0.3957
1976	0.9099
1977	0.428
1978	1.231
1979	0.7582
1980	0.9767
1981	0.9225
1982	2.101
1983	2.101
1984	1.245
1985	1.245
1986	1.245
1987	1.742
1988	0.3594
1989	0.9952
1990	0.9952
1991	0.6552
1992	0.6552
1993	0.6552
1994	0.6552
1995	0.6552
1996	0.6552
1997	0.6552
1998	0.6552
1999	0.6552
2000	0.6552
2001	1.747
2002	1.747
2003	1.747
2004	0.7137
2005	0.7137
2006	0.7137
2007	0.7137
2008	0.7137
2009	0.7137
2010	0.4685
2011	0.7191
2012	0.7191
2013	0.8452
2014	0.03383
2015	1.179
2016	0.2519
2017	0.5585
2018	1.395
2019	1.395
2020	1.395
2021	1.606
2022	1.8
2023	1.8
2024	1.8
2025	0.666
2026	0.666
2027	1.559
2028	0.8483
2029	0.8483
2030	1.476
2031	1.646
2032	1.646
2033	1.646
2034	0.5037
2035	0.964
2036	0.6756
2037	0.8045
2038	0.5158
2039	0.2623
2040	0.6052
2041	0.4177
2042	0.7692
2043	0.4431
2044	1.172
2045	1.107
2046	1.264
2047	1.052
2048	1.052
2049	1.052
2050	1.052
2051	1.408
2052	1.043
2053	0.8999
2054	0.8999
2055	0.8999
2056	0.8999
2057	0.9541
2058	1.063
2059	1.051
2060	1.403
2061	0.3095
2062	0.3095
2063	0.3095
2064	0.3095
2065	0.3095
2066	0.3095
2067	0.2038
2068	0.1744
2069	0.1744
2070	0.3443
2071	0.8119
2072	0.8502
2073	0.6006
2074	0.6782
2075	0.3389
2076	0.7716
2077	0.8854
2078	1.153
2079	0.9478
2080	0.9478
2081	0.5386
2082	0.5386
2083	1.13
2084	1.256
2085	0.4151
2086	0.6649
2087	0.3818
2088	0.7889
2089	0.4748
2090	0.3041
2091	0.5605
2092	0.5605
2093	1.439
2094	0.7527
2095	0.7554
2096	1.335
2097	1.431
2098	1.431
2099	0.8854
2100	0.8004
2101	1.217
2102	1.217
2103	1.217
2104	1.34
2105	1.34
2106	0.5505
2107	1.376
2108	1.376
2109	1.484
2110	1.484
2111	1.453
2112	0.398
2113	1.298
2114	0.5098
2115	0.905
2116	0.905
2117	-0.06312
2118	-0.06312
2119	0.653
2120	0.7596
2121	0.8555
2122	0.8555
2123	0.8555
2124	1.428
2125	1.428
2126	0.6555
2127	0.9795
2128	1.859
2129	1.859
2130	1.859
2131	0.9215
2132	0.7087
2133	0.5467
2134	0.3242
2135	1.015
2136	0.486
2137	1.274
2138	1.274
2139	0.8595
2140	1.113
2141	1.219
2142	1.474
2143	1.257
2144	0.7978
2145	1.255
2146	1.278
2147	1.278
2148	1.648
2149	1.648
2150	1.648
2151	1.035
2152	1.035
2153	1.162
2154	0.8223
2155	1.005
2156	0.5614
2157	0.6274
2158	0.7399
2159	0.7399
2160	0.8869
2161	1.326
2162	1.326
2163	1.326
2164	1.214
2165	0.6953
2166	1.199
2167	0.7526
2168	0.617
2169	0.7919
2170	0.6437
2171	0.8051
2172	0.4483
2173	1.601
2174	1.021
2175	1.021
2176	1.021
2177	1.021
2178	1.021
2179	0.5839
2180	0.8173
2181	0.4176
2182	1.293
2183	0.06875
2184	0.06875
2185	0.06875
2186	0.4935
2187	0.6411
2188	-0.07367
2189	-0.07367
2190	0.08113
2191	0.3987
2192	1.467
2193	0.7794
2194	1.178
2195	1.178
2196	1.178
2197	1.178
2198	0.9668
2199	0.9066
2200	0.4716
2201	0.9922
2202	0.9922
2203	0.6818
2204	0.3982
2205	0.4771
2206	0.4653
2207	1.019
2208	1.387
2209	1.387
2210	1.387
2211	1.453
2212	1.501
2213	1.501
2214	1.501
2215	0.2621
2216	0.3939
2217	0.9148
2218	1.079
2219	0.4741
2220	0.9811
2221	0.6939
2222	0.7498
2223	0.8365
2224	1.529
2225	0.9452
2226	0.9452
2227	0.7344
2228	0.7344
2229	0.6305
2230	0.6305
2231	1.294
2232	1.608
2233	1.448
2234	1.448
2235	1.448
2236	0.9386
2237	0.6893
2238	0.6829
2239	0.6829
2240	0.6829
2241	1.316
2242	1.316
2243	0.8371
2244	0.3698
2245	0.3698
2246	1.669
2247	0.9174
2248	1.215
2249	1.215
2250	0.8513
2251	0.7066
2252	0.8805
2253	0.8805
2254	0.6454
2255	0.2086
2256	0.6052
2257	0.7051
2258	0.5147
2259	0.5147
2260	0.8599
2261	0.9135
2262	1.535
2263	1.535
2264	0.8606
2265	1.258
2266	1.258
2267	0.6484
2268	1.224
2269	1.224
2270	0.8093
2271	0.5941
2272	0.5941
2273	0.4731
2274	0.4731
2275	0.8559
2276	0.8559
2277	1.105
2278	1.105
2279	0.4564
2280	1.21
2281	0.8071
2282	0.6821
2283	1.039
2284	1.306
2285	0.4016
2286	0.284
2287	0.5065
2288	1.394
2289	1.394
2290	1.018
2291	1.12
2292	0.7121
2293	1.517
2294	1.517
2295	0.8094
2296	0.9582
2297	1.165
2298	1.165
2299	1.417
2300	0.641
2301	0.6241
2302	1.156
2303	0.8949
2304	0.8949
2305	0.8949
2306	1.205
2307	1.267
2308	0.9343
2309	1.413
2310	1.918
2311	1.373
2312	1.46
2313	1.46
2314	0.8792
2315	0.3302
2316	0.5409
2317	0.5409
2318	0.7908
2319	0.3117
2320	0.8566
2321	0.9546
2322	1.086
2323	0.435
2324	1.342
2325	0.4171
2326	1.036
2327	0.5681
2328	0.874
2329	1.182
2330	1.316
2331	1.25
2332	1.141
2333	1.141
2334	0.9199
2335	0.5481
2336	1.308
2337	0.8476
2338	0.9037
2339	1.711
2340	1.332
2341	1.7
2342	1.099
2343	0.5188
2344	0.9058
2345	0.6398
2346	0.8065
2347	0.9103
2348	1.688
2349	1.01
2350	1.335
2351	1.09
2352	0.6675
2353	0.6675
2354	0.6675
2355	0.8097
2356	1.285
2357	1.371
2358	1.371
2359	1.371
2360	1.371
2361	0.8588
2362	0.2089
2363	1.091
2364	0.7239
2365	0.7239
2366	0.06402
2367	0.3735
2368	0.8253
2369	1.535
2370	1.535
2371	1.306
2372	1.306
2373	1.17
2374	0.9816
2375	0.9816
2376	0.9816
2377	1.52
2378	0.7567
2379	1.104
2380	0.404
2381	1.416
2382	1.416
2383	1.416
2384	1.416
2385	1.416
2386	1.416
2387	1.416
2388	1.416
2389	1.416
2390	0.5906
2391	0.757
2392	0.4016
2393	0.2732
2394	1.103
2395	0.7942
2396	0.8347
2397	0.3513
2398	1.067
2399	1.623
2400	0.3926
2401	1.13
2402	1.477
2403	1.477
2404	1.459
2405	0.4008
2406	0.8456
2407	1.467
2408	1.467
2409	0.871
2410	0.871
2411	1.32
2412	1.159
2413	1.159
2414	1.235
2415	1.235
2416	1.235
2417	1.235
2418	1.237
2419	1.237
2420	0.548
2421	1.423
2422	0.6774
2423	0.3419
2424	0.3419
2425	0.2951
2426	0.9799
2427	1.334
2428	0.8035
2429	0.2459
2430	0.08388
2431	0.2483
2432	0.2483
2433	0.2412
2434	1.058
2435	1.058
2436	1.058
2437	1.058
2438	1.058
2439	1.058
2440	0.7928
2441	0.6183
2442	0.4949
2443	1.607
2444	1.607
2445	0.9944
2446	0.6377
2447	0.5183
2448	0.3085
2449	1.307
2450	0.8922
2451	0.787
2452	0.4474
2453	0.1082
2454	0.7767
2455	1.665
2456	0.775
2457	0.775
2458	0.9415
2459	0.8367
2460	0.4642
2461	0.8191
2462	0.9103
2463	1.207
2464	0.7564
2465	0.6423
2466	1.038
2467	1.038
2468	1.457
2469	0.757
2470	0.6995
2471	0.5832
2472	0.6931
2473	1.203
2474	0.8764
2475	1.082
2476	1.207
2477	1.208
2478	1.169
2479	1.169
2480	0.7958
2481	2.013
2482	2.013
2483	2.013
2484	2.013
2485	2.013
2486	2.013
2487	2.013
2488	2.013
2489	2.013
2490	0.8611
2491	0.7147
2492	1.114
2493	0.5308
2494	0.5308
2495	0.5308
2496	0.5308
2497	0.8818
2498	0.4434
2499	0.4434
2500	0.8424
1251	6.84
1252	7.931
1253	6.526
1254	7.196
1255	9.216
1256	8.456
1257	9.68
1258	8.979
1259	11.22
1260	11.22
1261	10.33
1262	9.658
1263	6.062
1264	7.509
1265	7.753
1266	9.83
1267	9.878
1268	9.878
1269	9.878
1270	9.878
1271	15.65
1272	15.65
1273	15.65
1274	15.65
1275	15.65
1276	15.65
1277	15.65
1278	15.65
1279	15.65
1280	15.65
1281	12.61
1282	12.61
1283	9.508
1284	9.508
1285	9.508
1286	7.343
1287	7.147
1288	7.147
1289	9.363
1290	9.363
1291	9.812
1292	9.044
1293	9.044
1294	9.044
1295	9.044
1296	8.416
1297	6.756
1298	10.48
1299	9.125
1300	8.303
1301	7.979
1302	7.719
1303	6.833
1304	6.211
1305	6.211
1306	9.501
1307	8.585
1308	8.585
1309	8.585
1310	5.588
1311	12.09
1312	12.09
1313	12.09
1314	12.09
1315	12.09
1316	12.09
1317	12.09
1318	11.04
1319	10.17
1320	7.476
1321	13.38
1322	13.38
1323	13.38
1324	13.38
1325	13.38
1326	13.38
1327	13.38
1328	7.344
1329	6.738
1330	8.272
1331	9.268
1332	10.3
1333	10.3
1334	10.3
1335	10.3
1336	10.3
1337	10.3
1338	10.3
1339	10.3
1340	6.864
1341	7.827
1342	7.201
1343	7.619
1344	6.948
1345	9.383
1346	9.383
1347	9.383
1348	8.906
1349	8.906
1350	8.906
1351	8.987
1352	7.937
1353	7.937
1354	6.928
1355	6.694
1356	9.272
1357	9.272
1358	5.893
1359	7.178
1360	7.043
1361	6.289
1362	6.711
1363	5.918
1364	5.802
1365	9.08
1366	10.87
1367	10.87
1368	10.87
1369	10.87
1370	9.186
1371	6.384
1372	8.303
1373	6.554
1374	7.392
1375	8.898
1376	8.372
1377	10.06
1378	9.118
1379	9.637
1380	8.808
1381	7.025
1382	10.03
1383	6.614
1384	6.614
1385	7.627
1386	5.026
1387	5.945
1388	5.945
1389	5.945
1390	5.593
1391	9.228
1392	9.228
1393	10.51
1394	10.51
1395	10.51
1396	8.395
1397	9.535
1398	8.55
1399	8.66
1400	5.99
1401	5.293
1402	7.331
1403	9.824
1404	12.11
1405	12.11
1406	12.11
1407	12.11
1408	12.11
1409	12.11
1410	12.11
1411	13.33
1412	13.33
1413	13.33
1414	10.24
1415	10.24
1416	7.538
1417	8.996
1418	9.642
1419	6.196
1420	6.519
1421	9.711
1422	9.711
1423	9.711
1424	6.547
1425	6.697
1426	6.795
1427	8.798
1428	9.003
1429	9.557
1430	9.557
1431	9.992
1432	9.992
1433	10.11
1434	10.11
1435	10.11
1436	7.591
1437	7.387
1438	11.04
1439	11.04
1440	10.25
1441	7.106
1442	5.328
1443	5.328
1444	5.328
1445	6.478
1446	4.833
1447	4.538
1448	3.687
1449	5.885
1450	9.578
1451	7.077
1452	11.33
1453	13.86
1454	13.86
1455	13.86
1456	13.86
1457	13.86
1458	13.86
1459	13.86
1460	13.86
1461	14.06
1462	14.06
1463	14.06
1464	14.06
1465	14.06
1466	14.06
1467	10.13
1468	8.632
1469	10.85
1470	10.85
1471	10.39
1472	7.48
1473	6.95
1474	5.708
1475	11.32
1476	7.693
1477	7.531
1478	7.531
1479	8.963
1480	8.963
1481	11.54
1482	11.54
1483	11.54
1484	11.54
1485	11.54
1486	11.54
1487	7.041
1488	9.11
1489	9.11
1490	7.618
1491	11.61
1492	7.61
1493	10.41
1494	10.41
1495	8.374
1496	10.31
1497	8.755
1498	6.025
1499	8.126
1500	8.59
1501	11.08
1502	8.396
1503	9.629
1504	9.629
1505	9.629
1506	9.629
1507	6.943
1508	10.03
1509	10.03
1510	10.03
1511	7.437
1512	11.57
1513	10.39
1514	8.641
1515	7.939
1516	14.4
1517	14.4
1518	14.4
1519	14.4
1520	14.4
1521	12.52
1522	8.909
1523	12.36
1524	12.36
1525	12.36
1526	12.36
1527	6.938
1528	6.938
1529	6.938
1530	8.874
1531	10.91
1532	8.929
1533	8.174
1534	8.174
1535	5.695
1536	6.749
1537	7.66
1538	8.834
1539	8.834
1540	8.202
1541	7.832
1542	14.63
1543	14.63
1544	14.63
1545	7.993
1546	10.52
1547	10.52
1548	10.52
1549	9.32
1550	9.32
1551	11.35
1552	11.35
1553	11.35
1554	11.35
1555	11.35
1556	11.35
1557	11.35
1558	11.35
1559	8.843
1560	9.948
1561	10.83
1562	7.434
1563	8.784
1564	8.784
1565	7.124
1566	7.002
1567	10.52
1568	10.52
1569	10.55
1570	10.55
1571	13.13
1572	13.13
1573	13.13
1574	13.13
1575	13.13
1576	8.797
1577	10.08
1578	6.426
1579	4.537
1580	4.537
1581	6.152
1582	7.78
1583	8.411
1584	10.1
1585	8.482
1586	8.588
1587	7.295
1588	5.835
1589	4.111
1590	4.111
1591	6.938
1592	6.938
1593	6.938
1594	5.648
1595	6.62
1596	7.037
1597	10.6
1598	9.166
1599	9.166
1600	8.098
1601	8.098
1602	6.778
1603	8.126
1604	7.753
1605	5.83
1606	5.625
1607	5.477
1608	7.915
1609	7.915
1610	8.61
1611	8.078
1612	9.336
1613	7.295
1614	9.987
1615	10.09
1616	9.753
1617	9.753
1618	9.753
1619	7.218
1620	7.978
1621	9.552
1622	9.552
1623	9.552
1624	9.552
1625	9.552
1626	9.552
1627	8.458
1628	10.9
1629	10.9
1630	11.89
1631	7.819
1632	7.819
1633	8.76
1634	10.39
1635	10.39
1636	10.39
1637	8.431
1638	8.431
1639	9.215
1640	9.215
1641	8.663
1642	8.663
1643	7.972
1644	9.171
1645	7.054
1646	7.366
1647	8.381
1648	14.16
1649	14.16
1650	14.16
1651	11.44
1652	11.44
1653	11.44
1654	11.44
1655	8.255
1656	11.86
1657	11.86
1658	8.523
1659	8.523
1660	8.47
1661	5.9
1662	9.073
1663	9.073
1664	9.073
1665	8.198
1666	9.163
1667	9.163
1668	7.484
1669	7.612
1670	6.92
1671	9.446
1672	9.446
1673	11.57
1674	11.57
1675	11.57
1676	11.57
1677	11.57
1678	11.57
1679	11.57
1680	11.47
1681	10.69
1682	10.69
1683	10.69
1684	7.587
1685	9.592
1686	8.312
1687	6.155
1688	7.553
1689	7.256
1690	7.256
1691	8.672
1692	7.81
1693	7.81
1694	5.886
1695	8.609
1696	8.609
1697	10.06
1698	10.06
1699	7.631
1700	7.283
1701	5.854
1702	5.617
1703	6.277
1704	8.03
1705	7.872
1706	10.47
1707	12.27
1708	12.27
1709	12.27
1710	12.42
1711	10.21
1712	5.862
1713	6.137
1714	6.413
1715	6.413
1716	5.856
1717	5.249
1718	6.826
1719	8.201
1720	11.32
1721	8.787
1722	11.94
1723	11.94
1724	11.94
1725	9.51
1726	9.549
1727	9.549
1728	9.549
1729	9.549
1730	7.079
1731	7.313
1732	6.146
1733	7.878
1734	6.526
1735	11.01
1736	11.01
1737	11.01
1738	11.01
1739	7.391
1740	8.53
1741	6.287
1742	6.297
1743	9.958
1744	6.069
1745	9.003
1746	5.773
1747	6.195
1748	5.089
1749	5.843
1750	6.08
1751	7.933
1752	7.933
1753	10.19
1754	7.592
1755	6.331
1756	8.96
1757	6.16
1758	8.804
1759	7.168
1760	9.457
1761	9.13
1762	9.13
1763	9.394
1764	7.778
1765	7.778
1766	7.903
1767	7.686
1768	7.686
1769	11.05
1770	11.05
1771	6.037
1772	7.285
1773	10.02
1774	10.02
1775	7.644
1776	7.431
1777	8.965
1778	8.965
1779	8.826
1780	8.826
1781	6.965
1782	7.498
1783	5.503
1784	7.652
1785	6.672
1786	4.794
1787	4.794
1788	6.811
1789	5.583
1790	8.604
1791	8.031
1792	8.409
1793	9.27
1794	9.27
1795	9.27
1796	7.427
1797	7.056
1798	8.11
1799	7.361
1800	7.983
1801	9.604
1802	8.741
1803	9.5
1804	8.488
1805	6.809
1806	6.616
1807	6.236
1808	6.577
1809	6.577
1810	6.336
1811	7.949
1812	6.509
1813	7.288
1814	5.194
1815	6.864
1816	9.261
1817	6.603
1818	9.599
1819	9.599
1820	13.36
1821	8.347
1822	12.2
1823	12.2
1824	12.2
1825	12.2
1826	9.866
1827	9.866
1828	9.866
1829	10.35
1830	7.523
1831	6.904
1832	9.035
1833	9.815
1834	14.81
1835	12.49
1836	12.49
1837	12.49
1838	12.49
1839	12.49
1840	12.49
1841	7.265
1842	11.22
1843	10.43
1844	10.87
1845	10.87
1846	7.867
1847	7.867
1848	5.286
1849	6.654
1850	10.18
1851	8.683
1852	7.258
1853	4.806
1854	6.567
1855	8.923
1856	8.412
1857	5.562
1858	8.067
1859	8.067
1860	5.276
1861	5.885
1862	5.885
1863	9.472
1864	7.016
1865	6.601
1866	6.972
1867	9.054
1868	9.248
1869	8.498
1870	9.802
1871	7.802
1872	5.72
1873	4.843
1874	4.843
1875	6.026
1876	6.026
1877	8.121
1878	8.121
1879	8.227
1880	8.227
1881	8.128
1882	8.128
1883	8.128
1884	8.246
1885	10.52
1886	8.466
1887	6.564
1888	4.674
1889	4.674
1890	9.485
1891	8.351
1892	9.517
1893	8.646
1894	8.646
1895	8.646
1896	9.162
1897	8.728
1898	5.118
1899	5.118
1900	5.118
1901	7.918
1902	10.77
1903	10.77
1904	10.77
1905	10.77
1906	6.197
1907	6.883
1908	5.901
1909	9.052
1910	9.052
1911	9.755
1912	9.755
1913	7.907
1914	9.225
1915	9.225
1916	9.225
1917	9.225
1918	8.519
1919	5.928
1920	5.342
1921	6.17
1922	6.928
1923	7.829
1924	7.829
1925	8.531
1926	5.12
1927	8.796
1928	8.796
1929	8.796
1930	8.796
1931	9.638
1932	8.096
1933	6.311
1934	6.947
1935	6.947
1936	6.63
1937	9.09
1938	8.142
1939	7.451
1940	7.451
1941	7.351
1942	9.499
1943	6.537
1944	7.403
1945	9.5
1946	9.5
1947	6.382
1948	5.67
1949	5.67
1950	5.694
1951	9.398
1952	9.398
1953	7.82
1954	9.508
1955	7.489
1956	4.954
1957	8.452
1958	9.598
1959	7.743
1960	6.42
1961	5.283
1962	5.283
1963	7.042
1964	8.326
1965	6.947
1966	7.734
1967	4.816
1968	5.75
1969	5.75
1970	7.964
1971	7.782
1972	7.782
1973	5.594
1974	5.92
1975	5.568
1976	6.939
1977	6.567
1978	10.36
1979	6.058
1980	8.011
1981	8.52
1982	14.6
1983	14.6
1984	8.98
1985	8.98
1986	8.98
1987	11.65
1988	6.108
1989	9.669
1990	9.669
1991	13.69
1992	13.69
1993	13.69
1994	13.69
1995	13.69
1996	13.69
1997	13.69
1998	13.69
1999	13.69
2000	13.69
2001	10.32
2002	10.32
2003	10.32
2004	12.03
2005	12.03
2006	12.03
2007	12.03
2008	12.03
2009	12.03
2010	6.579
2011	8.525
2012	8.525
2013	7.937
2014	6.066
2015	7.562
2016	4.988
2017	6.147
2018	10.78
2019	10.78
2020	10.78
2021	9.951
2022	11.13
2023	11.13
2024	11.13
2025	6.927
2026	6.927
2027	10.19
2028	8.74
2029	8.74
2030	12.43
2031	9.057
2032	9.057
2033	9.057
2034	7.432
2035	7.768
2036	7.716
2037	6.4
2038	4.956
2039	4.645
2040	6.219
2041	6.718
2042	9.544
2043	7.067
2044	6.112
2045	6.865
2046	8.52
2047	12.06
2048	12.06
2049	12.06
2050	12.06
2051	8.878
2052	10.4
2053	10.7
2054	10.7
2055	10.7
2056	10.7
2057	7.265
2058	8.329
2059	8.276
2060	10.45
2061	9.272
2062	9.272
2063	9.272
2064	9.272
2065	9.272
2066	9.272
2067	6.197
2068	7.752
2069	7.752
2070	6.641
2071	8.835
2072	7.755
2073	5.03
2074	6.45
2075	4.98
2076	6.915
2077	7.522
2078	7.384
2079	6.078
2080	6.078
2081	8.645
2082	8.645
2083	9.472
2084	9.37
2085	7.139
2086	9.697
2087	7.38
2088	6.84
2089	6.881
2090	5.367
2091	8.144
2092	8.144
2093	7.367
2094	6.44
2095	6.414
2096	7.691
2097	7.499
2098	7.499
2099	9.349
2100	9.627
2101	13.64
2102	13.64
2103	13.64
2104	12.69
2105	12.69
2106	6.516
2107	10.05
2108	10.05
2109	11.1
2110	11.1
2111	9.31
2112	6.305
2113	6.91
2114	5.275
2115	7.875
2116	7.875
2117	5.012
2118	5.012
2119	7.986
2120	7.456
2121	7.918
2122	7.918
2123	7.918
2124	11.05
2125	11.05
2126	9.726
2127	6.1
2128	11.32
2129	11.32
2130	11.32
2131	9.823
2132	8.403
2133	7.429
2134	7.759
2135	7.798
2136	7.069
2137	11.47
2138	11.47
2139	8.604
2140	9.452
2141	8.381
2142	10.52
2143	9.792
2144	8.848
2145	10.75
2146	11.22
2147	11.22
2148	10.95
2149	10.95
2150	10.95
2151	10.81
2152	10.81
2153	9.421
2154	6.285
2155	9.056
2156	5.407
2157	5.569
2158	7.983
2159	7.983
2160	7.77
2161	10.33
2162	10.33
2163	10.33
2164	10.82
2165	7.268
2166	9.025
2167	7.102
2168	6.126
2169	7.373
2170	7.979
2171	9.421
2172	7.199
2173	10.52
2174	10.07
2175	10.07
2176	10.07
2177	10.07
2178	10.07
2179	9.828
2180	5.761
2181	7.901
2182	9.802
2183	7.521
2184	7.521
2185	7.521
2186	6.895
2187	6.188
2188	5.219
2189	5.219
2190	4.939
2191	8.717
2192	10.49
2193	8.532
2194	10.7
2195	10.7
2196	10.7
2197	10.7
2198	7.801
2199	5.781
2200	7.708
2201	9.694
2202	9.694
2203	7.431
2204	8.457
2205	6.829
2206	9.347
2207	8.048
2208	11.21
2209	11.21
2210	11.21
2211	11.25
2212	7.162
2213	7.162
2214	7.162
2215	5.389
2216	5.256
2217	6.301
2218	6.164
2219	7.399
2220	6.583
2221	5.476
2222	7.05
2223	6.853
2224	10.54
2225	9.224
2226	9.224
2227	6.336
2228	6.336
2229	9.875
2230	9.875
2231	8.483
2232	9.432
2233	11.94
2234	11.94
2235	11.94
2236	9.391
2237	8.475
2238	11.29
2239	11.29
2240	11.29
2241	8.101
2242	8.101
2243	5.851
2244	8.375
2245	8.375
2246	10.34
2247	10.57
2248	9.209
2249	9.209
2250	7.101
2251	6.767
2252	10.58
2253	10.58
2254	6.704
2255	5.925
2256	7.909
2257	6.692
2258	4.408
2259	4.408
2260	6.816
2261	7.395
2262	10.82
2263	10.82
2264	8.816
2265	8.795
2266	8.795
2267	6.895
2268	8.996
2269	8.996
2270	7.665
2271	10.04
2272	10.04
2273	6.519
2274	6.519
2275	7.126
2276	7.126
2277	7.679
2278	7.679
2279	5.841
2280	8.127
2281	6.352
2282	7.565
2283	8.496
2284	8.51
2285	5.24
2286	4.288
2287	7.613
2288	10.34
2289	10.34
2290	7.589
2291	7.925
2292	7.332
2293	9.828
2294	9.828
2295	7.111
2296	8.77
2297	6.921
2298	6.921
2299	9.948
2300	7.872
2301	7.65
2302	8.968
2303	8.677
2304	8.677
2305	8.677
2306	8.52
2307	10.23
2308	9.302
2309	9.172
2310	11.43
2311	12.71
2312	10.69
2313	10.69
2314	7.881
2315	5.356
2316	4.196
2317	4.196
2318	6.645
2319	5.044
2320	9.061
2321	7.202
2322	9.043
2323	7.412
2324	11.36
2325	6.778
2326	7.025
2327	6.854
2328	6.877
2329	11.51
2330	8.83
2331	7.544
2332	7.019
2333	7.019
2334	6.262
2335	7.467
2336	9.907
2337	8.503
2338	6.547
2339	9.712
2340	12.17
2341	8.62
2342	9.623
2343	7.913
2344	7.388
2345	9.162
2346	6.976
2347	9.963
2348	10.4
2349	6.846
2350	11.29
2351	8.006
2352	8.457
2353	8.457
2354	8.457
2355	6.228
2356	8.338
2357	10.01
2358	10.01
2359	10.01
2360	10.01
2361	7.308
2362	7.903
2363	7.668
2364	8.987
2365	8.987
2366	6.904
2367	6.544
2368	7.43
2369	8.577
2370	8.577
2371	9.111
2372	9.111
2373	10.07
2374	10.36
2375	10.36
2376	10.36
2377	11.45
2378	8.54
2379	10.03
2380	7.46
2381	11.83
2382	11.83
2383	11.83
2384	11.83
2385	11.83
2386	11.83
2387	11.83
2388	11.83
2389	11.83
2390	8.184
2391	8.893
2392	7.493
2393	5.057
2394	8.796
2395	7.361
2396	7.44
2397	5.266
2398	8.666
2399	9.321
2400	8.148
2401	7.945
2402	11.37
2403	11.37
2404	9.548
2405	7.135
2406	6.49
2407	9.445
2408	9.445
2409	10.35
2410	10.35
2411	9.095
2412	8.55
2413	8.55
2414	10.87
2415	10.87
2416	10.87
2417	10.87
2418	9.195
2419	9.195
2420	10.63
2421	9.649
2422	7.234
2423	7.43
2424	7.43
2425	6.756
2426	7.023
2427	9.222
2428	6.481
2429	5.617
2430	3.477
2431	4.893
2432	4.893
2433	7.505
2434	10.28
2435	10.28
2436	10.28
2437	10.28
2438	10.28
2439	10.28
2440	7.565
2441	9.178
2442	6.489
2443	11.42
2444	11.42
2445	6.709
2446	8.078
2447	7.605
2448	5.542
2449	8.608
2450	6.838
2451	6.461
2452	7.0
2453	6.148
2454	6.696
2455	9.157
2456	8.873
2457	8.873
2458	6.658
2459	8.197
2460	7.07
2461	8.68
2462	5.92
2463	9.477
2464	7.054
2465	7.774
2466	9.476
2467	9.476
2468	8.112
2469	7.773
2470	7.348
2471	5.643
2472	8.565
2473	8.1
2474	10.2
2475	7.635
2476	7.461
2477	8.328
2478	10.07
2479	10.07
2480	11.12
2481	15.74
2482	15.74
2483	15.74
2484	15.74
2485	15.74
2486	15.74
2487	15.74
2488	15.74
2489	15.74
2490	7.521
2491	5.667
2492	7.725
2493	9.609
2494	9.609
2495	9.609
2496	9.609
2497	7.798
2498	4.671
2499	4.671
2500	5.993
1251	9.828
1252	10.16
1253	8.147
1254	10.16
1255	7.446
1256	7.202
1257	9.514
1258	11.22
1259	9.473
1260	9.473
1261	9.892
1262	9.238
1263	10.07
1264	8.672
1265	7.455
1266	9.578
1267	8.624
1268	8.624
1269	8.624
1270	8.624
1271	20.58
1272	20.58
1273	20.58
1274	20.58
1275	20.58
1276	20.58
1277	20.58
1278	20.58
1279	20.58
1280	20.58
1281	12.55
1282	12.55
1283	8.058
1284	8.058
1285	8.058
1286	7.227
1287	7.317
1288	7.317
1289	7.747
1290	7.747
1291	9.649
1292	7.485
1293	7.485
1294	7.485
1295	7.485
1296	7.63
1297	8.345
1298	8.282
1299	8.165
1300	7.737
1301	7.518
1302	7.885
1303	7.845
1304	11.98
1305	11.98
1306	7.584
1307	9.493
1308	9.493
1309	9.493
1310	8.573
1311	12.85
1312	12.85
1313	12.85
1314	12.85
1315	12.85
1316	12.85
1317	12.85
1318	8.7
1319	8.095
1320	8.814
1321	11.55
1322	11.55
1323	11.55
1324	11.55
1325	11.55
1326	11.55
1327	11.55
1328	7.501
1329	8.041
1330	7.214
1331	7.477
1332	8.134
1333	8.134
1334	8.134
1335	8.134
1336	8.134
1337	8.134
1338	8.134
1339	8.134
1340	7.866
1341	7.194
1342	7.438
1343	8.026
1344	7.589
1345	12.03
1346	12.03
1347	12.03
1348	8.667
1349	8.667
1350	8.667
1351	7.647
1352	10.37
1353	10.37
1354	7.391
1355	9.059
1356	7.477
1357	7.477
1358	9.209
1359	7.263
1360	9.942
1361	9.448
1362	8.767
1363	8.155
1364	9.778
1365	8.284
1366	8.556
1367	8.556
1368	8.556
1369	8.556
1370	7.63
1371	12.07
1372	7.347
1373	7.825
1374	8.389
1375	7.645
1376	8.785
1377	8.309
1378	10.61
1379	9.695
1380	7.345
1381	7.519
1382	7.94
1383	10.07
1384	10.07
1385	8.513
1386	9.558
1387	10.38
1388	10.38
1389	10.38
1390	8.941
1391	7.452
1392	7.452
1393	8.375
1394	8.375
1395	8.375
1396	9.738
1397	7.626
1398	9.78
1399	7.553
1400	9.546
1401	9.912
1402	7.223
1403	8.258
1404	9.78
1405	9.78
1406	9.78
1407	9.78
1408	9.78
1409	9.78
1410	9.78
1411	11.64
1412	11.64
1413	11.64
1414	9.23
1415	9.23
1416	7.225
1417	11.92
1418	8.334
1419	8.232
1420	10.39
1421	9.054
1422	9.054
1423	9.054
1424	7.655
1425	7.502
1426	7.72
1427	7.334
1428	7.508
1429	10.82
1430	10.82
1431	8.052
1432	8.052
1433	8.32
1434	8.32
1435	8.32
1436	8.833
1437	10.85
1438	10.72
1439	10.72
1440	8.553
1441	9.865
1442	13.92
1443	13.92
1444	13.92
1445	7.999
1446	11.06
1447	11.51
1448	14.73
1449	11.46
1450	8.458
1451	7.553
1452	9.53
1453	12.23
1454	12.23
1455	12.23
1456	12.23
1457	12.23
1458	12.23
1459	12.23
1460	12.23
1461	15.68
1462	15.68
1463	15.68
1464	15.68
1465	15.68
1466	15.68
1467	8.915
1468	7.278
1469	9.707
1470	9.707
1471	9.103
1472	10.13
1473	7.354
1474	8.537
1475	8.952
1476	7.203
1477	10.23
1478	10.23
1479	7.447
1480	7.447
1481	9.23
1482	9.23
1483	9.23
1484	9.23
1485	9.23
1486	9.23
1487	9.643
1488	8.223
1489	8.223
1490	9.971
1491	9.445
1492	7.216
1493	10.08
1494	10.08
1495	7.36
1496	10.46
1497	7.585
1498	8.086
1499	9.717
1500	7.234
1501	9.466
1502	9.342
1503	7.741
1504	7.741
1505	7.741
1506	7.741
1507	7.561
1508	8.505
1509	8.505
1510	8.505
1511	7.409
1512	10.42
1513	8.218
1514	7.302
1515	7.88
1516	13.53
1517	13.53
1518	13.53
1519	13.53
1520	13.53
1521	16.4
1522	7.349
1523	10.81
1524	10.81
1525	10.81
1526	10.81
1527	7.352
1528	7.352
1529	7.352
1530	7.753
1531	9.359
1532	7.928
1533	7.167
1534	7.167
1535	9.382
1536	8.612
1537	8.369
1538	7.471
1539	7.471
1540	9.474
1541	8.25
1542	15.94
1543	15.94
1544	15.94
1545	7.947
1546	8.605
1547	8.605
1548	8.605
1549	7.782
1550	7.782
1551	11.52
1552	11.52
1553	11.52
1554	11.52
1555	11.52
1556	11.52
1557	11.52
1558	11.52
1559	7.789
1560	8.447
1561	8.503
1562	7.193
1563	8.381
1564	8.381
1565	7.292
1566	7.524
1567	9.532
1568	9.532
1569	8.573
1570	8.573
1571	11.1
1572	11.1
1573	11.1
1574	11.1
1575	11.1
1576	7.411
1577	8.536
1578	8.425
1579	10.94
1580	10.94
1581	9.529
1582	8.904
1583	7.193
1584	8.68
1585	8.091
1586	7.396
1587	7.314
1588	11.8
1589	12.87
1590	12.87
1591	13.47
1592	13.47
1593	13.47
1594	8.682
1595	8.358
1596	7.312
1597	8.758
1598	7.536
1599	7.536
1600	7.161
1601	7.974
1602	7.634
1603	7.222
1604	9.424
1605	8.251
1606	8.561
1607	8.73
1608	11.69
1609	11.69
1610	10.22
1611	18.05
1612	7.612
1613	7.366
1614	7.893
1615	7.97
1616	8.32
1617	8.32
1618	8.32
1619	7.25
1620	7.265
1621	11.08
1622	11.08
1623	11.08
1624	11.08
1625	11.08
1626	11.08
1627	9.11
1628	8.733
1629	8.733
1630	9.835
1631	7.382
1632	7.382
1633	8.68
1634	9.115
1635	9.115
1636	9.115
1637	8.1
1638	8.1
1639	7.606
1640	7.606
1641	12.34
1642	12.34
1643	9.064
1644	7.621
1645	7.499
1646	7.671
1647	7.214
1648	12.48
1649	12.48
1650	12.48
1651	10.1
1652	10.1
1653	10.1
1654	10.1
1655	8.316
1656	10.11
1657	10.11
1658	9.457
1659	9.457
1660	9.053
1661	8.519
1662	7.39
1663	7.39
1664	7.39
1665	7.385
1666	7.871
1667	7.871
1668	8.341
1669	7.46
1670	8.42
1671	7.675
1672	7.675
1673	9.217
1674	9.217
1675	9.217
1676	9.217
1677	9.217
1678	9.217
1679	9.217
1680	9.616
1681	11.36
1682	11.36
1683	11.36
1684	10.17
1685	8.273
1686	7.218
1687	8.174
1688	7.177
1689	7.295
1690	7.295
1691	7.429
1692	7.495
1693	7.495
1694	8.585
1695	10.71
1696	10.71
1697	7.918
1698	7.918
1699	7.667
1700	8.272
1701	8.632
1702	9.066
1703	8.151
1704	7.491
1705	8.363
1706	8.456
1707	10.25
1708	10.25
1709	10.25
1710	10.56
1711	8.172
1712	9.267
1713	7.964
1714	7.745
1715	7.745
1716	16.04
1717	10.64
1718	8.008
1719	8.173
1720	13.49
1721	7.549
1722	9.961
1723	9.961
1724	9.961
1725	8.192
1726	8.826
1727	8.826
1728	8.826
1729	8.826
1730	11.5
1731	8.132
1732	7.9
1733	7.337
1734	7.598
1735	10.53
1736	10.53
1737	10.53
1738	10.53
1739	7.677
1740	9.753
1741	7.919
1742	8.185
1743	8.411
1744	7.991
1745	8.382
1746	8.956
1747	11.92
1748	9.772
1749	8.831
1750	9.203
1751	8.814
1752	8.814
1753	8.227
1754	7.931
1755	8.02
1756	7.471
1757	9.492
1758	7.48
1759	8.397
1760	7.805
1761	8.354
1762	8.354
1763	7.643
1764	12.98
1765	12.98
1766	7.505
1767	7.405
1768	7.405
1769	12.66
1770	12.66
1771	8.249
1772	7.491
1773	8.081
1774	8.081
1775	8.562
1776	7.22
1777	9.84
1778	9.84
1779	8.177
1780	8.177
1781	11.76
1782	8.192
1783	8.703
1784	10.58
1785	7.879
1786	10.49
1787	10.49
1788	13.05
1789	8.779
1790	7.807
1791	7.171
1792	8.178
1793	7.857
1794	7.857
1795	7.857
1796	7.8
1797	9.019
1798	8.167
1799	9.188
1800	8.365
1801	8.351
1802	9.313
1803	8.699
1804	7.21
1805	7.422
1806	7.554
1807	7.967
1808	9.395
1809	9.395
1810	11.59
1811	7.305
1812	14.1
1813	7.237
1814	9.438
1815	8.038
1816	7.753
1817	10.94
1818	11.61
1819	11.61
1820	11.83
1821	13.85
1822	10.69
1823	10.69
1824	10.69
1825	10.69
1826	7.789
1827	7.789
1828	7.789
1829	9.804
1830	7.27
1831	7.845
1832	8.382
1833	8.339
1834	13.87
1835	10.42
1836	10.42
1837	10.42
1838	10.42
1839	10.42
1840	10.42
1841	11.39
1842	9.026
1843	8.855
1844	9.047
1845	9.047
1846	7.442
1847	7.442
1848	10.88
1849	8.022
1850	8.559
1851	7.397
1852	7.741
1853	10.97
1854	9.078
1855	7.563
1856	7.203
1857	8.609
1858	10.37
1859	10.37
1860	9.148
1861	9.991
1862	9.991
1863	7.604
1864	10.39
1865	7.789
1866	7.496
1867	9.61
1868	7.748
1869	14.95
1870	10.95
1871	7.624
1872	8.875
1873	9.98
1874	9.98
1875	8.014
1876	8.014
1877	7.561
1878	7.561
1879	7.209
1880	7.209
1881	7.215
1882	7.215
1883	7.215
1884	8.664
1885	8.775
1886	8.274
1887	8.828
1888	11.68
1889	11.68
1890	8.106
1891	11.75
1892	7.724
1893	7.388
1894	7.388
1895	7.388
1896	7.657
1897	7.652
1898	9.471
1899	9.471
1900	9.471
1901	8.665
1902	8.483
1903	8.483
1904	8.483
1905	8.483
1906	9.041
1907	13.48
1908	8.177
1909	11.75
1910	11.75
1911	8.089
1912	8.089
1913	7.379
1914	10.03
1915	10.03
1916	10.03
1917	10.03
1918	8.1
1919	11.11
1920	8.947
1921	8.027
1922	7.5
1923	8.54
1924	8.54
1925	7.24
1926	10.53
1927	7.849
1928	7.849
1929	7.849
1930	7.849
1931	9.396
1932	7.584
1933	8.075
1934	7.586
1935	7.586
1936	7.516
1937	7.403
1938	10.61
1939	7.196
1940	7.196
1941	7.26
1942	9.585
1943	7.881
1944	7.451
1945	7.646
1946	7.646
1947	8.267
1948	8.449
1949	8.449
1950	10.02
1951	9.045
1952	9.045
1953	7.199
1954	7.64
1955	7.87
1956	9.73
1957	7.433
1958	8.12
1959	8.202
1960	7.747
1961	9.122
1962	9.122
1963	8.6
1964	7.96
1965	7.903
1966	7.155
1967	10.06
1968	8.664
1969	8.664
1970	8.134
1971	8.003
1972	8.003
1973	8.614
1974	12.09
1975	8.739
1976	7.707
1977	8.161
1978	8.125
1979	8.298
1980	7.225
1981	7.231
1982	13.91
1983	13.91
1984	7.779
1985	7.779
1986	7.779
1987	10.21
1988	8.538
1989	7.831
1990	7.831
1991	18.88
1992	18.88
1993	18.88
1994	18.88
1995	18.88
1996	18.88
1997	18.88
1998	18.88
1999	18.88
2000	18.88
2001	10.5
2002	10.5
2003	10.5
2004	13.86
2005	13.86
2006	13.86
2007	13.86
2008	13.86
2009	13.86
2010	7.975
2011	7.782
2012	7.782
2013	7.156
2014	11.25
2015	8.474
2016	9.974
2017	7.914
2018	8.563
2019	8.563
2020	8.563
2021	9.531
2022	10.58
2023	10.58
2024	10.58
2025	7.391
2026	7.391
2027	9.108
2028	7.474
2029	7.474
2030	10.15
2031	10.79
2032	10.79
2033	10.79
2034	8.074
2035	7.276
2036	7.434
2037	7.96
2038	9.83
2039	10.62
2040	7.827
2041	8.242
2042	8.643
2043	8.227
2044	11.62
2045	9.016
2046	8.08
2047	10.96
2048	10.96
2049	10.96
2050	10.96
2051	8.759
2052	8.45
2053	9.547
2054	9.547
2055	9.547
2056	9.547
2057	7.561
2058	7.336
2059	7.32
2060	8.427
2061	12.63
2062	12.63
2063	12.63
2064	12.63
2065	12.63
2066	12.63
2067	9.604
2068	11.52
2069	11.52
2070	8.677
2071	7.662
2072	7.151
2073	9.909
2074	7.647
2075	9.731
2076	7.388
2077	7.228
2078	8.528
2079	9.372
2080	9.372
2081	9.068
2082	9.068
2083	7.574
2084	7.777
2085	8.449
2086	9.61
2087	8.885
2088	7.463
2089	7.981
2090	9.259
2091	8.313
2092	8.313
2093	11.55
2094	7.763
2095	7.798
2096	9.636
2097	11.13
2098	11.13
2099	7.859
2100	8.569
2101	13.04
2102	13.04
2103	13.04
2104	10.74
2105	10.74
2106	7.718
2107	8.235
2108	8.235
2109	8.945
2110	8.945
2111	8.774
2112	8.313
2113	10.9
2114	9.09
2115	7.16
2116	7.16
2117	12.32
2118	12.32
2119	7.667
2120	7.209
2121	7.15
2122	7.15
2123	7.15
2124	8.792
2125	8.792
2126	9.735
2127	9.582
2128	11.0
2129	11.0
2130	11.0
2131	8.222
2132	7.727
2133	7.838
2134	9.83
2135	7.399
2136	7.984
2137	9.172
2138	9.172
2139	7.361
2140	7.558
2141	7.923
2142	8.685
2143	7.852
2144	7.727
2145	8.438
2146	8.887
2147	8.887
2148	9.573
2149	9.573
2150	9.573
2151	9.015
2152	9.015
2153	7.583
2154	8.196
2155	7.391
2156	8.903
2157	8.739
2158	7.35
2159	7.35
2160	7.162
2161	8.197
2162	8.197
2163	8.197
2164	8.541
2165	7.299
2166	7.611
2167	7.286
2168	7.917
2169	7.206
2170	7.705
2171	8.287
2172	8.268
2173	9.313
2174	8.152
2175	8.152
2176	8.152
2177	8.152
2178	8.152
2179	10.56
2180	9.183
2181	9.134
2182	7.938
2183	12.55
2184	12.55
2185	12.55
2186	7.895
2187	7.866
2188	12.34
2189	12.34
2190	11.04
2191	10.5
2192	8.65
2193	7.544
2194	8.467
2195	8.467
2196	8.467
2197	8.467
2198	7.269
2199	9.782
2200	8.503
2201	7.86
2202	7.86
2203	7.336
2204	10.08
2205	7.958
2206	10.9
2207	7.304
2208	8.86
2209	8.86
2210	8.86
2211	8.971
2212	13.02
2213	13.02
2214	13.02
2215	9.425
2216	9.155
2217	8.663
2218	10.37
2219	8.234
2220	8.583
2221	9.174
2222	7.306
2223	7.553
2224	8.926
2225	7.58
2226	7.58
2227	7.839
2228	7.839
2229	10.21
2230	10.21
2231	8.291
2232	9.944
2233	9.585
2234	9.585
2235	9.585
2236	7.731
2237	7.881
2238	12.49
2239	12.49
2240	12.49
2241	8.842
2242	8.842
2243	9.1
2244	10.25
2245	10.25
2246	9.83
2247	9.234
2248	7.653
2249	7.653
2250	7.391
2251	7.436
2252	9.472
2253	9.472
2254	7.491
2255	9.524
2256	7.844
2257	7.481
2258	11.62
2259	11.62
2260	7.657
2261	7.344
2262	9.002
2263	9.002
2264	7.492
2265	7.898
2266	7.898
2267	7.423
2268	7.697
2269	7.697
2270	7.166
2271	10.85
2272	10.85
2273	7.96
2274	7.96
2275	7.384
2276	7.384
2277	7.87
2278	7.87
2279	8.329
2280	8.067
2281	8.036
2282	7.364
2283	7.27
2284	8.346
2285	9.169
2286	11.6
2287	8.186
2288	8.361
2289	8.361
2290	7.543
2291	7.738
2292	7.271
2293	8.951
2294	8.951
2295	7.317
2296	7.296
2297	9.429
2298	9.429
2299	8.386
2300	7.648
2301	7.596
2302	7.496
2303	7.332
2304	7.332
2305	7.332
2306	7.774
2307	8.062
2308	7.667
2309	8.589
2310	11.47
2311	10.67
2312	8.684
2313	8.684
2314	7.148
2315	9.174
2316	12.69
2317	12.69
2318	7.636
2319	9.681
2320	7.696
2321	7.619
2322	7.394
2323	8.508
2324	8.985
2325	8.263
2326	8.24
2327	7.607
2328	7.642
2329	9.445
2330	8.185
2331	9.072
2332	9.023
2333	9.023
2334	8.771
2335	7.852
2336	8.002
2337	7.332
2338	8.181
2339	10.67
2340	9.985
2341	12.24
2342	7.651
2343	8.365
2344	7.33
2345	8.994
2346	7.394
2347	8.438
2348	9.953
2349	8.341
2350	8.918
2351	7.55
2352	7.977
2353	7.977
2354	7.977
2355	8.232
2356	8.358
2357	8.211
2358	8.211
2359	8.211
2360	8.211
2361	7.282
2362	11.33
2363	7.809
2364	8.22
2365	8.22
2366	11.69
2367	8.459
2368	7.2
2369	10.27
2370	10.27
2371	8.01
2372	8.01
2373	7.921
2374	8.632
2375	8.632
2376	8.632
2377	9.247
2378	7.634
2379	7.944
2380	8.782
2381	9.471
2382	9.471
2383	9.471
2384	9.471
2385	9.471
2386	9.471
2387	9.471
2388	9.471
2389	9.471
2390	8.16
2391	7.948
2392	8.831
2393	9.783
2394	7.38
2395	7.209
2396	7.203
2397	9.229
2398	7.314
2399	10.21
2400	9.684
2401	7.774
2402	9.1
2403	9.1
2404	8.696
2405	8.546
2406	7.995
2407	8.798
2408	8.798
2409	9.177
2410	9.177
2411	8.082
2412	7.572
2413	7.572
2414	8.561
2415	8.561
2416	8.561
2417	8.561
2418	7.72
2419	7.72
2420	12.57
2421	8.453
2422	7.331
2423	9.274
2424	9.274
2425	9.106
2426	7.924
2427	8.114
2428	7.853
2429	9.35
2430	15.51
2431	10.15
2432	10.15
2433	10.37
2434	8.279
2435	8.279
2436	8.279
2437	8.279
2438	8.279
2439	8.279
2440	7.179
2441	9.182
2442	7.884
2443	9.503
2444	9.503
2445	8.456
2446	7.806
2447	8.107
2448	9.072
2449	8.276
2450	7.749
2451	7.827
2452	8.17
2453	10.48
2454	7.559
2455	10.86
2456	7.845
2457	7.845
2458	8.216
2459	7.222
2460	8.104
2461	7.517
2462	9.454
2463	7.668
2464	7.305
2465	7.585
2466	7.604
2467	7.604
2468	10.18
2469	7.24
2470	7.292
2471	8.52
2472	7.945
2473	8.045
2474	8.923
2475	7.795
2476	8.834
2477	7.899
2478	7.922
2479	7.922
2480	11.06
2481	15.11
2482	15.11
2483	15.11
2484	15.11
2485	15.11
2486	15.11
2487	15.11
2488	15.11
2489	15.11
2490	7.199
2491	8.847
2492	7.878
2493	10.69
2494	10.69
2495	10.69
2496	10.69
2497	7.155
2498	10.48
2499	10.48
2500	8.827
