1251	-0.05564
1252	-0.2426
1253	-0.05535
1254	-0.137
1255	-0.1422
1256	-0.1422
1257	-0.1422
1258	-0.1394
1259	-0.1309
1260	-0.1309
1261	-0.1408
1262	-0.1408
1263	-0.105
1264	-0.06884
1265	-0.04612
1266	-0.1003
1267	-0.08632
1268	-0.06015
1269	-0.06015
1270	-0.06015
1271	-0.09643
1272	-0.1331
1273	-0.1005
1274	-0.1005
1275	-0.1067
1276	-0.07895
1277	-0.07895
1278	-0.07895
1279	-0.07895
1280	-0.07895
1281	-0.1677
1282	-0.1677
1283	-0.08424
1284	-0.1064
1285	-0.1003
1286	-0.1003
1287	-0.1826
1288	-0.1587
1289	-0.07304
1290	-0.1673
1291	-0.1141
1292	-0.1141
1293	-0.09773
1294	-0.133
1295	-0.1162
1296	-0.1162
1297	-0.1162
1298	-0.1162
1299	-0.1162
1300	-0.1032
1301	-0.104
1302	-0.104
1303	-0.1701
1304	-0.1915
1305	-0.001234
1306	-0.1259
1307	-0.07889
1308	-0.1191
1309	-0.171
1310	-0.08265
1311	-0.1663
1312	-0.1439
1313	-0.03155
1314	-0.03155
1315	0.005904
1316	-0.09338
1317	-0.01395
1318	-0.1422
1319	-0.08793
1320	-0.1364
1321	-0.08812
1322	-0.1803
1323	-0.1803
1324	-0.1803
1325	-0.1803
1326	-0.1803
1327	-0.1803
1328	-0.1803
1329	-0.1803
1330	-0.1803
1331	-0.1841
1332	-0.1841
1333	-0.1841
1334	-0.1841
1335	-0.06139
1336	-0.1343
1337	-0.1583
1338	-0.1583
1339	-0.1583
1340	-0.1171
1341	-0.0866
1342	-0.0866
1343	-0.09982
1344	-0.08518
1345	-0.1267
1346	-0.1267
1347	-0.1267
1348	-0.1267
1349	-0.09661
1350	-0.07933
1351	-0.0784
1352	-0.0784
1353	-0.08654
1354	-0.1316
1355	-0.1244
1356	-0.1671
1357	-0.18
1358	-0.05415
1359	-0.1435
1360	-0.09533
1361	-0.1033
1362	-0.2096
1363	-0.1148
1364	-0.1797
1365	-0.1797
1366	-0.0857
1367	-0.0609
1368	-0.1156
1369	-0.1156
1370	-0.1503
1371	-0.1408
1372	-0.04405
1373	-0.08812
1374	-0.08812
1375	-0.1423
1376	-0.1693
1377	-0.1015
1378	-0.1015
1379	-0.1015
1380	-0.139
1381	-0.06214
1382	-0.06214
1383	-0.1004
1384	-0.1004
1385	-0.1004
1386	-0.1004
1387	-0.1004
1388	-0.1198
1389	-0.1198
1390	-0.1198
1391	-0.1635
1392	-0.06414
1393	-0.1016
1394	-0.1331
1395	-0.12
1396	-0.04884
1397	-0.03138
1398	-0.1631
1399	-0.1387
1400	-0.08018
1401	-0.08792
1402	-0.08792
1403	-0.136
1404	-0.1596
1405	-0.1309
1406	-0.1309
1407	-0.1309
1408	-0.179
1409	-0.1487
1410	-0.1418
1411	-0.1049
1412	-0.06814
1413	-0.1072
1414	-0.122
1415	-0.122
1416	-0.08151
1417	-0.1261
1418	-0.1261
1419	-0.09586
1420	-0.05852
1421	-0.07567
1422	-0.06735
1423	-0.1339
1424	-0.1201
1425	-0.1671
1426	-0.1083
1427	-0.1276
1428	-0.05713
1429	-0.05713
1430	-0.05713
1431	-0.1021
1432	-0.01053
1433	-0.1054
1434	-0.1098
1435	-0.131
1436	-0.131
1437	-0.1639
1438	-0.08076
1439	-0.1325
1440	-0.1325
1441	-0.1733
1442	-0.1733
1443	-0.1034
1444	-0.02256
1445	-0.02256
1446	-0.0844
1447	-0.1347
1448	-0.1255
1449	0.03997
1450	0.03997
1451	-0.08657
1452	-0.01236
1453	-0.1085
1454	-0.05862
1455	-0.1052
1456	-0.13
1457	-0.13
1458	-0.13
1459	-0.1519
1460	-0.1286
1461	-0.07374
1462	-0.09842
1463	-0.09842
1464	-0.1138
1465	-0.101
1466	-0.07894
1467	-0.05792
1468	-0.1079
1469	-0.1076
1470	-0.1132
1471	-0.1467
1472	-0.09446
1473	-0.1659
1474	-0.1659
1475	-0.1659
1476	-0.1659
1477	-0.1659
1478	-0.1659
1479	-0.1013
1480	-0.1309
1481	-0.1145
1482	-0.1319
1483	-0.09571
1484	-0.07074
1485	-0.1449
1486	-0.1106
1487	-0.04405
1488	-0.1266
1489	-0.1072
1490	-0.1489
1491	-0.0991
1492	-0.07429
1493	0.001491
1494	-0.1255
1495	-0.1255
1496	-0.07072
1497	-0.07072
1498	-0.157
1499	-0.1173
1500	-0.1173
1501	-0.07211
1502	-0.07211
1503	-0.07211
1504	-0.07211
1505	-0.07211
1506	-0.07211
1507	-0.07211
1508	-0.07211
1509	-0.07211
1510	-0.07211
1511	-0.133
1512	-0.1635
1513	-0.1316
1514	-0.08485
1515	-0.1638
1516	-0.1846
1517	-0.1199
1518	-0.1026
1519	-0.003228
1520	-0.04452
1521	-0.07096
1522	-0.08326
1523	-0.08326
1524	-0.1324
1525	0.05699
1526	-0.1158
1527	-0.06674
1528	-0.07703
1529	-0.06984
1530	-0.06984
1531	-0.1239
1532	-0.06447
1533	-0.05896
1534	-0.1283
1535	-0.2229
1536	-0.2229
1537	-0.2229
1538	-0.08797
1539	-0.1021
1540	-0.1021
1541	-0.1432
1542	-0.1696
1543	-0.1447
1544	-0.1259
1545	-0.1259
1546	-0.06212
1547	-0.1099
1548	-0.1418
1549	-0.07987
1550	-0.07987
1551	-0.1377
1552	-0.08215
1553	-0.1748
1554	-0.08342
1555	-0.08817
1556	-0.08817
1557	-0.08816
1558	-0.08816
1559	-0.1815
1560	-0.1091
1561	-0.1289
1562	-0.06881
1563	-0.07914
1564	-0.1087
1565	-0.1087
1566	-0.05253
1567	-0.09378
1568	-0.1918
1569	-0.1634
1570	-0.1257
1571	-0.185
1572	-0.185
1573	-0.1179
1574	-0.008606
1575	-0.04989
1576	-0.09399
1577	-0.1348
1578	-0.07299
1579	-0.05309
1580	-0.1157
1581	-0.1431
1582	-0.1431
1583	-0.1431
1584	-0.1431
1585	-0.1431
1586	-0.1431
1587	-0.1431
1588	-0.09793
1589	-0.08136
1590	-0.1106
1591	-0.1452
1592	-0.1452
1593	-0.1452
1594	-0.0858
1595	-0.121
1596	-0.1139
1597	-0.1294
1598	-0.1171
1599	-0.1534
1600	-0.1237
1601	-0.05966
1602	-0.05966
1603	-0.1639
1604	-0.09886
1605	-0.13
1606	-0.08379
1607	-0.08379
1608	-0.08379
1609	-0.08379
1610	-0.03191
1611	-0.1161
1612	-0.09215
1613	-0.1178
1614	-0.093
1615	-0.0616
1616	-0.1569
1617	-0.09445
1618	-0.06697
1619	-0.06697
1620	-0.1734
1621	-0.1183
1622	-0.09082
1623	-0.1504
1624	-0.117
1625	-0.117
1626	-0.1709
1627	-0.1709
1628	-0.1709
1629	-0.05526
1630	-0.241
1631	-0.04957
1632	-0.07111
1633	-0.07111
1634	-0.07111
1635	-0.1717
1636	-0.1462
1637	-0.1194
1638	-0.1186
1639	-0.09056
1640	-0.09056
1641	-0.1256
1642	-0.1371
1643	-0.1804
1644	-0.1804
1645	-0.05507
1646	-0.0736
1647	-0.0736
1648	-0.165
1649	-0.165
1650	-0.165
1651	-0.1312
1652	-0.1312
1653	-0.09715
1654	-0.0877
1655	-0.1826
1656	-0.06637
1657	-0.1549
1658	-0.06563
1659	-0.2189
1660	-0.2189
1661	-0.1172
1662	-0.1603
1663	-0.1603
1664	-0.1623
1665	-0.1623
1666	-0.1623
1667	-0.1192
1668	-0.1477
1669	-0.1217
1670	-0.1217
1671	-0.1054
1672	-0.1054
1673	-0.1054
1674	-0.1054
1675	-0.1054
1676	-0.1054
1677	-0.1054
1678	-0.1054
1679	-0.1054
1680	-0.1054
1681	-0.1297
1682	-0.1297
1683	-0.1297
1684	-0.1297
1685	-0.1297
1686	-0.1297
1687	-0.1297
1688	-0.1297
1689	-0.1297
1690	-0.1297
1691	-0.1573
1692	-0.1573
1693	-0.1392
1694	-0.07631
1695	-0.1295
1696	-0.1659
1697	-0.1131
1698	-0.1342
1699	-0.1342
1700	-0.1166
1701	-0.1321
1702	-0.1484
1703	-0.1484
1704	-0.05473
1705	-0.1484
1706	-0.1207
1707	-0.07813
1708	-0.0646
1709	-0.0646
1710	-0.106
1711	-0.07823
1712	-0.1294
1713	-0.08232
1714	-0.08232
1715	-0.1553
1716	-0.1553
1717	-0.1292
1718	-0.1292
1719	-0.1292
1720	-0.1464
1721	-0.1155
1722	-0.1336
1723	-0.08645
1724	-0.1363
1725	-0.113
1726	-0.08928
1727	-0.08928
1728	-0.08928
1729	-0.08928
1730	-0.08928
1731	-0.09019
1732	-0.09019
1733	-0.06892
1734	-0.09716
1735	-0.1472
1736	-0.09726
1737	-0.1443
1738	-0.1443
1739	-0.1339
1740	-0.1406
1741	-0.05313
1742	-0.1122
1743	-0.1329
1744	-0.08715
1745	-0.1336
1746	-0.1145
1747	-0.0943
1748	-0.0943
1749	-0.1626
1750	-0.1626
1751	-0.05914
1752	-0.1015
1753	-0.1068
1754	-0.1034
1755	-0.1034
1756	-0.1384
1757	-0.16
1758	-0.1436
1759	-0.1347
1760	-0.06104
1761	-0.1052
1762	-0.1052
1763	-0.1052
1764	-0.1179
1765	-0.1189
1766	-0.1189
1767	-0.1189
1768	-0.1189
1769	-0.07318
1770	-0.0641
1771	-0.06124
1772	-0.07322
1773	-0.07893
1774	-0.1121
1775	-0.1121
1776	-0.05943
1777	-0.05943
1778	-0.1036
1779	-0.1036
1780	-0.1036
1781	-0.1442
1782	-0.1442
1783	-0.1058
1784	-0.1058
1785	-0.1058
1786	-0.0667
1787	-0.02106
1788	-0.1005
1789	-0.1005
1790	-0.1001
1791	-0.1074
1792	-0.1217
1793	-0.1904
1794	-0.125
1795	-0.125
1796	-0.05873
1797	-0.1649
1798	-0.09681
1799	-0.1063
1800	-0.09806
1801	-0.06528
1802	-0.06528
1803	-0.06528
1804	-0.1378
1805	-0.1328
1806	-0.1328
1807	-0.1328
1808	-0.1328
1809	-0.1328
1810	-0.1328
1811	-0.1551
1812	-0.09831
1813	-0.1786
1814	-0.1039
1815	-0.1039
1816	-0.05427
1817	-0.1486
1818	-0.1205
1819	-0.123
1820	-0.123
1821	-0.1466
1822	-0.09487
1823	-0.09487
1824	-0.09669
1825	-0.05168
1826	-0.05168
1827	-0.07396
1828	-0.06545
1829	-0.09337
1830	-0.1543
1831	-0.166
1832	-0.08218
1833	-0.08728
1834	-0.06238
1835	-0.1174
1836	-0.1713
1837	-0.08338
1838	-0.0985
1839	-0.1201
1840	-0.1777
1841	-0.06204
1842	-0.06204
1843	-0.06204
1844	-0.139
1845	-0.139
1846	-0.1204
1847	-0.1428
1848	-0.1787
1849	-0.1428
1850	-0.1332
1851	-0.1041
1852	-0.1041
1853	-0.127
1854	-0.1385
1855	-0.1519
1856	-0.1512
1857	-0.07489
1858	-0.1134
1859	-0.1832
1860	-0.1832
1861	-0.1391
1862	-0.1391
1863	-0.1391
1864	-0.1391
1865	-0.1302
1866	-0.1302
1867	-0.09514
1868	-0.08673
1869	-0.1165
1870	-0.08159
1871	-0.1085
1872	-0.08732
1873	-0.02781
1874	-0.1424
1875	-0.1424
1876	-0.1424
1877	-0.1368
1878	-0.1368
1879	-0.17
1880	-0.1079
1881	-0.1612
1882	-0.1612
1883	-0.173
1884	-0.1249
1885	-0.1429
1886	-0.09245
1887	-0.1258
1888	-0.1223
1889	-0.1462
1890	-0.06617
1891	-0.1755
1892	-0.08193
1893	-0.2034
1894	-0.07567
1895	-0.1287
1896	-0.1414
1897	-0.1414
1898	-0.052
1899	-0.09491
1900	-0.09491
1901	-0.09543
1902	-0.09613
1903	-0.09613
1904	-0.1783
1905	-0.09907
1906	-0.09542
1907	-0.09542
1908	-0.06635
1909	-0.1036
1910	-0.08244
1911	-0.1185
1912	-0.1023
1913	-0.1556
1914	-0.1051
1915	-0.144
1916	-0.08611
1917	-0.08611
1918	-0.05818
1919	-0.05818
1920	-0.1223
1921	-0.09798
1922	-0.1535
1923	-0.05705
1924	-0.187
1925	-0.132
1926	-0.07819
1927	-0.02453
1928	-0.1839
1929	-0.1839
1930	-0.1839
1931	-0.08244
1932	-0.0856
1933	-0.07633
1934	-0.09639
1935	-0.09052
1936	-0.09052
1937	-0.09052
1938	-0.1443
1939	-0.1335
1940	-0.0797
1941	-0.09337
1942	-0.002422
1943	-0.002422
1944	-0.06816
1945	-0.1328
1946	-0.1024
1947	-0.1007
1948	-0.1308
1949	-0.09607
1950	-0.1737
1951	-0.09861
1952	-0.1084
1953	-0.08662
1954	-0.167
1955	-0.1508
1956	-0.1269
1957	-0.03519
1958	-0.1188
1959	-0.1345
1960	-0.1349
1961	-0.06955
1962	-0.06955
1963	-0.06955
1964	-0.1155
1965	-0.1155
1966	-0.1155
1967	-0.1125
1968	-0.1125
1969	-0.1125
1970	-0.1125
1971	-0.08748
1972	-0.1506
1973	-0.05915
1974	-0.05736
1975	-0.05736
1976	-0.05736
1977	-0.05736
1978	-0.05736
1979	-0.07613
1980	-0.1561
1981	-0.1441
1982	-0.03318
1983	-0.09546
1984	-0.1653
1985	-0.07203
1986	-0.02541
1987	-0.2333
1988	-0.1817
1989	-0.136
1990	-0.1327
1991	-0.184
1992	-0.184
1993	-0.05527
1994	-0.05527
1995	-0.1091
1996	-0.1091
1997	-0.1046
1998	-0.1044
1999	-0.1139
2000	-0.1139
2001	-0.144
2002	-0.144
2003	-0.09995
2004	-0.1675
2005	-0.1675
2006	-0.1675
2007	-0.16
2008	-0.16
2009	-0.1772
2010	-0.1406
2011	-0.1409
2012	-0.06333
2013	-0.08065
2014	-0.0997
2015	-0.1122
2016	-0.1122
2017	-0.1208
2018	-0.1334
2019	-0.1365
2020	-0.02534
2021	-0.05502
2022	-0.1165
2023	-0.1373
2024	-0.1384
2025	-0.1384
2026	-0.08088
2027	-0.08088
2028	-0.08088
2029	-0.1062
2030	-0.0937
2031	-0.08135
2032	-0.1631
2033	-0.1427
2034	-0.07015
2035	-0.1102
2036	-0.09733
2037	-0.1175
2038	-0.08063
2039	-0.146
2040	-0.146
2041	-0.0753
2042	-0.07763
2043	-0.07763
2044	-0.1599
2045	-0.05955
2046	-0.1434
2047	-0.143
2048	-0.1288
2049	-0.1288
2050	-0.08775
2051	-0.06974
2052	-0.1507
2053	-0.09261
2054	-0.1299
2055	-0.1162
2056	-0.1162
2057	-0.1124
2058	-0.122
2059	-0.1244
2060	-0.09149
2061	-0.06792
2062	-0.06792
2063	0.008079
2064	-0.05152
2065	-0.05152
2066	-0.1075
2067	-0.1634
2068	-0.07189
2069	-0.1138
2070	-0.0978
2071	-0.1387
2072	-0.1129
2073	-0.08314
2074	-0.1515
2075	-0.1515
2076	-0.2081
2077	-0.2081
2078	-0.2081
2079	-0.2081
2080	-0.2081
2081	-0.1537
2082	-0.1433
2083	-0.1433
2084	-0.1433
2085	-0.1433
2086	-0.1379
2087	-0.1074
2088	-0.1074
2089	-0.08646
2090	-0.1009
2091	-0.09982
2092	-0.2124
2093	-0.1297
2094	-0.1297
2095	-0.1281
2096	-0.102
2097	-0.102
2098	-0.1728
2099	-0.1438
2100	-0.09118
2101	-0.07481
2102	-0.07481
2103	-0.1613
2104	-0.1613
2105	-0.1613
2106	-0.092
2107	-0.092
2108	-0.092
2109	-0.092
2110	-0.092
2111	-0.1189
2112	-0.1329
2113	-0.1474
2114	-0.1341
2115	-0.08721
2116	-0.08721
2117	-0.1891
2118	-0.0868
2119	-0.06028
2120	-0.06028
2121	-0.04657
2122	-0.1224
2123	-0.1224
2124	-0.1193
2125	-0.1639
2126	-0.1575
2127	-0.1575
2128	-0.1575
2129	-0.1575
2130	-0.1227
2131	-0.09755
2132	-0.09525
2133	-0.06793
2134	-0.06793
2135	-0.1423
2136	-0.07729
2137	-0.07729
2138	-0.07737
2139	-0.1531
2140	-0.1542
2141	-0.09611
2142	-0.07848
2143	-0.112
2144	-0.08575
2145	-0.07295
2146	-0.07295
2147	-0.05022
2148	-0.1257
2149	-0.02098
2150	-0.08048
2151	-0.1288
2152	-0.07158
2153	-0.07158
2154	-0.07158
2155	-0.07158
2156	-0.07158
2157	-0.07158
2158	-0.07158
2159	-0.08129
2160	-0.08129
2161	-0.1095
2162	-0.1095
2163	-0.1001
2164	-0.03768
2165	-0.1526
2166	-0.1526
2167	-0.1526
2168	-0.1526
2169	-0.1526
2170	-0.1703
2171	-0.1213
2172	-0.1213
2173	-0.1213
2174	-0.1213
2175	-0.08976
2176	-0.08574
2177	-0.1305
2178	-0.1396
2179	-0.1396
2180	-0.1396
2181	-0.1401
2182	-0.1091
2183	-0.1428
2184	-0.1397
2185	-0.1397
2186	-0.08579
2187	-0.1466
2188	-0.165
2189	-0.165
2190	-0.165
2191	-0.1
2192	-0.05961
2193	-0.05961
2194	-0.05961
2195	-0.05961
2196	-0.05961
2197	-0.08768
2198	-0.0317
2199	-0.1186
2200	-0.1546
2201	-0.08897
2202	-0.1354
2203	-0.0737
2204	-0.1442
2205	-0.1693
2206	0.01518
2207	-0.0591
2208	-0.1356
2209	-0.1343
2210	-0.1101
2211	-0.1385
2212	-0.1286
2213	-0.1168
2214	-0.0753
2215	-0.106
2216	-0.1273
2217	-0.1277
2218	-0.11
2219	-0.2365
2220	-0.1368
2221	-0.1385
2222	-0.09463
2223	-0.09463
2224	-0.0683
2225	-0.09745
2226	-0.1019
2227	-0.1283
2228	-0.05623
2229	-0.1455
2230	-0.1368
2231	-0.08024
2232	-0.08024
2233	-0.1231
2234	-0.1127
2235	-0.1083
2236	-0.1719
2237	-0.1719
2238	-0.1719
2239	-0.1719
2240	-0.1719
2241	-0.1802
2242	-0.1802
2243	-0.1802
2244	-0.1802
2245	-0.1802
2246	-0.1802
2247	-0.09127
2248	-0.2314
2249	-0.2314
2250	-0.001313
2251	0.06916
2252	0.06916
2253	-0.06945
2254	-0.08486
2255	-0.06428
2256	-0.06428
2257	-0.02286
2258	-0.1264
2259	-0.06242
2260	-0.1069
2261	-0.06419
2262	-0.08314
2263	-0.1109
2264	-0.1098
2265	-0.1317
2266	-0.1964
2267	-0.1964
2268	-0.1179
2269	-0.1412
2270	-0.1426
2271	-0.02531
2272	-0.09145
2273	-0.1185
2274	-0.1363
2275	-0.06989
2276	-0.1274
2277	-0.111
2278	-0.1668
2279	-0.1668
2280	-0.1607
2281	-0.08112
2282	-0.07255
2283	-0.09314
2284	-0.1167
2285	-0.1529
2286	-0.03962
2287	-0.03962
2288	-0.07577
2289	-0.07083
2290	-0.03366
2291	-0.03948
2292	-0.03948
2293	-0.03948
2294	-0.03948
2295	-0.03948
2296	-0.03948
2297	-0.03948
2298	-0.03948
2299	-0.03948
2300	-0.03948
2301	-0.1345
2302	-0.1345
2303	-0.1345
2304	-0.1345
2305	-0.1032
2306	-0.1627
2307	-0.152
2308	-0.152
2309	-0.133
2310	-0.1407
2311	-0.07539
2312	-0.1127
2313	-0.08855
2314	-0.1676
2315	-0.1091
2316	-0.1091
2317	-0.09301
2318	-0.09301
2319	-0.09301
2320	-0.09301
2321	-0.164
2322	-0.164
2323	-0.164
2324	-0.164
2325	-0.164
2326	-0.0609
2327	-0.1113
2328	-0.1521
2329	-0.0742
2330	-0.0742
2331	-0.1221
2332	-0.06239
2333	-0.1189
2334	-0.1254
2335	-0.1254
2336	-0.1254
2337	-0.1254
2338	-0.1519
2339	-0.09625
2340	-0.07179
2341	-0.1233
2342	-0.1505
2343	-0.1505
2344	-0.1311
2345	-0.1311
2346	-0.1417
2347	-0.185
2348	-0.06536
2349	-0.1003
2350	-0.1113
2351	-0.07013
2352	-0.07013
2353	-0.07013
2354	-0.07013
2355	-0.07013
2356	-0.07013
2357	-0.07013
2358	-0.07013
2359	-0.07013
2360	-0.17
2361	-0.1213
2362	-0.1213
2363	-0.1213
2364	-0.1213
2365	-0.08309
2366	-0.07112
2367	-0.1685
2368	-0.1039
2369	-0.1847
2370	-0.1847
2371	-0.09799
2372	-0.077
2373	-0.1447
2374	-0.1447
2375	-0.149
2376	-0.09611
2377	-0.08312
2378	-0.08312
2379	-0.08721
2380	-0.0669
2381	-0.095
2382	-0.1826
2383	-0.08889
2384	-0.08889
2385	-0.1906
2386	-0.1906
2387	-0.05496
2388	-0.05496
2389	-0.06416
2390	-0.06416
2391	-0.05492
2392	-0.1941
2393	-0.1088
2394	-0.1448
2395	-0.09203
2396	-0.05893
2397	-0.01785
2398	-0.01785
2399	-0.1208
2400	-0.1474
2401	-0.08567
2402	-0.102
2403	-0.1861
2404	-0.1058
2405	-0.0591
2406	-0.1591
2407	-0.1591
2408	-0.1146
2409	-0.1146
2410	-0.1105
2411	-0.1308
2412	-0.04689
2413	-0.1279
2414	-0.1216
2415	-0.0751
2416	-0.1151
2417	-0.1155
2418	-0.1064
2419	-0.1867
2420	-0.1867
2421	-0.148
2422	-0.1312
2423	-0.05837
2424	-0.05041
2425	-0.05041
2426	-0.1066
2427	-0.07997
2428	-0.07997
2429	-0.07997
2430	-0.07997
2431	-0.1474
2432	-0.117
2433	-0.117
2434	-0.09904
2435	-0.1858
2436	-0.06299
2437	-0.1456
2438	-0.1132
2439	-0.1132
2440	-0.1132
2441	-0.1461
2442	-0.1164
2443	-0.147
2444	-0.09269
2445	-0.04209
2446	-0.08409
2447	-0.08409
2448	-0.1481
2449	-0.1481
2450	-0.09661
2451	-0.09293
2452	-0.0829
2453	-0.1391
2454	-0.08845
2455	-0.1404
2456	-0.1294
2457	-0.1984
2458	-0.1984
2459	-0.1984
2460	-0.1984
2461	-0.1014
2462	-0.1215
2463	-0.138
2464	-0.138
2465	-0.138
2466	-0.1068
2467	-0.1068
2468	-0.01799
2469	-0.01799
2470	-0.1344
2471	-0.09626
2472	-0.1183
2473	-0.1409
2474	-0.1409
2475	-0.1246
2476	-0.04547
2477	-0.1965
2478	-0.07482
2479	-0.08309
2480	-0.06666
2481	-0.1024
2482	-0.05091
2483	-0.1177
2484	-0.04122
2485	-0.05771
2486	-0.104
2487	-0.104
2488	-0.1215
2489	-0.1215
2490	-0.1358
2491	-0.05106
2492	-0.0636
2493	-0.07988
2494	-0.07988
2495	-0.07988
2496	-0.1229
2497	-0.1885
2498	-0.1885
2499	-0.1127
2500	-0.1487
1251	0.3921
1252	1.713
1253	0.3973
1254	0.8507
1255	1.452
1256	1.452
1257	1.452
1258	1.189
1259	1.313
1260	1.313
1261	1.765
1262	1.765
1263	0.7263
1264	0.4602
1265	0.3143
1266	0.6489
1267	0.5734
1268	0.5473
1269	0.5473
1270	0.5473
1271	0.7233
1272	0.9588
1273	0.9881
1274	0.9881
1275	0.8744
1276	0.9279
1277	0.9279
1278	0.9279
1279	0.9279
1280	0.9279
1281	1.762
1282	1.762
1283	0.6271
1284	0.7995
1285	0.6083
1286	0.6083
1287	0.9917
1288	1.011
1289	0.5579
1290	1.66
1291	1.107
1292	1.107
1293	0.8399
1294	0.9638
1295	1.5
1296	1.5
1297	1.5
1298	1.5
1299	1.5
1300	0.7848
1301	0.8862
1302	0.8862
1303	1.622
1304	1.142
1305	0.007013
1306	0.994
1307	0.6406
1308	1.261
1309	1.17
1310	0.79
1311	1.45
1312	1.134
1313	0.2182
1314	0.2182
1315	-0.04774
1316	0.5136
1317	0.08969
1318	0.7894
1319	0.7119
1320	0.9984
1321	0.867
1322	2.457
1323	2.457
1324	2.457
1325	2.457
1326	2.457
1327	2.457
1328	2.457
1329	2.457
1330	2.457
1331	2.187
1332	2.187
1333	2.187
1334	2.187
1335	0.4751
1336	1.213
1337	1.383
1338	1.383
1339	1.383
1340	0.9161
1341	0.9306
1342	0.9306
1343	1.023
1344	0.5945
1345	1.09
1346	1.09
1347	1.09
1348	1.09
1349	0.9008
1350	0.7037
1351	0.434
1352	0.434
1353	0.47
1354	0.9866
1355	0.7299
1356	0.8944
1357	1.326
1358	0.366
1359	1.079
1360	0.5611
1361	0.7046
1362	1.492
1363	0.8314
1364	1.272
1365	1.272
1366	0.5226
1367	0.601
1368	1.087
1369	1.087
1370	1.347
1371	1.211
1372	0.3782
1373	0.9614
1374	0.9614
1375	1.493
1376	1.299
1377	0.868
1378	0.868
1379	0.868
1380	0.8463
1381	0.6217
1382	0.6217
1383	1.191
1384	1.191
1385	1.191
1386	1.191
1387	1.191
1388	1.552
1389	1.552
1390	1.552
1391	1.236
1392	0.5987
1393	1.079
1394	1.138
1395	1.08
1396	0.3052
1397	0.2518
1398	1.052
1399	1.791
1400	0.7582
1401	0.833
1402	0.833
1403	0.8974
1404	1.142
1405	1.091
1406	1.091
1407	1.091
1408	1.239
1409	0.8202
1410	1.217
1411	1.089
1412	0.6416
1413	0.8416
1414	1.195
1415	1.195
1416	0.5393
1417	1.339
1418	1.339
1419	0.9918
1420	0.3981
1421	0.6003
1422	0.5403
1423	1.161
1424	0.9155
1425	1.559
1426	0.9609
1427	1.129
1428	0.4558
1429	0.4558
1430	0.4558
1431	0.8904
1432	0.05936
1433	0.6393
1434	0.8114
1435	1.189
1436	1.189
1437	1.691
1438	0.542
1439	1.148
1440	1.148
1441	1.595
1442	1.595
1443	0.9627
1444	0.1524
1445	0.1524
1446	0.6688
1447	0.7802
1448	0.9374
1449	-0.205
1450	-0.205
1451	0.591
1452	0.06374
1453	0.8095
1454	0.3337
1455	0.4546
1456	0.6181
1457	0.6181
1458	0.6181
1459	0.7955
1460	0.8287
1461	0.8272
1462	0.9884
1463	0.9884
1464	1.115
1465	0.7593
1466	0.5962
1467	0.4436
1468	0.5842
1469	0.9491
1470	1.369
1471	1.699
1472	0.8075
1473	1.745
1474	1.745
1475	1.745
1476	1.745
1477	1.745
1478	1.745
1479	1.074
1480	0.9933
1481	0.4379
1482	0.832
1483	0.5695
1484	0.3566
1485	0.8951
1486	0.8709
1487	0.3416
1488	0.9327
1489	0.8979
1490	1.063
1491	0.7318
1492	0.4003
1493	-0.01081
1494	1.42
1495	1.42
1496	0.6601
1497	0.6601
1498	1.241
1499	1.292
1500	1.292
1501	0.7978
1502	0.7978
1503	0.7978
1504	0.7978
1505	0.7978
1506	0.7978
1507	0.7978
1508	0.7978
1509	0.7978
1510	0.7978
1511	1.331
1512	1.794
1513	0.814
1514	0.6223
1515	1.458
1516	1.523
1517	0.9221
1518	0.6914
1519	0.02341
1520	0.2076
1521	0.4041
1522	0.6599
1523	0.6599
1524	0.8693
1525	-0.2791
1526	0.8323
1527	0.3992
1528	0.5912
1529	0.681
1530	0.681
1531	0.7031
1532	0.4241
1533	0.4569
1534	1.24
1535	1.486
1536	1.486
1537	1.486
1538	0.7913
1539	1.178
1540	1.178
1541	0.9173
1542	1.857
1543	1.277
1544	1.13
1545	1.13
1546	0.6165
1547	0.7813
1548	1.131
1549	0.645
1550	0.645
1551	0.9249
1552	0.6275
1553	0.9077
1554	0.5641
1555	0.6106
1556	0.6106
1557	0.6824
1558	0.6824
1559	1.7
1560	1.004
1561	1.081
1562	0.412
1563	0.3739
1564	0.873
1565	0.873
1566	0.3358
1567	0.4897
1568	0.8235
1569	1.105
1570	1.321
1571	1.987
1572	1.987
1573	0.8481
1574	0.04386
1575	0.3693
1576	0.7002
1577	0.9378
1578	0.618
1579	0.3575
1580	1.174
1581	1.391
1582	1.391
1583	1.391
1584	1.391
1585	1.391
1586	1.391
1587	1.391
1588	0.9763
1589	0.6191
1590	1.009
1591	1.285
1592	1.285
1593	1.285
1594	0.6055
1595	1.082
1596	0.9137
1597	0.7409
1598	0.8947
1599	1.482
1600	0.9664
1601	0.6048
1602	0.6048
1603	1.491
1604	1.003
1605	1.189
1606	0.7147
1607	0.7147
1608	0.7147
1609	0.7147
1610	0.2107
1611	0.6941
1612	0.6653
1613	0.9997
1614	0.6996
1615	0.4538
1616	1.403
1617	0.6078
1618	0.6337
1619	0.6337
1620	1.935
1621	1.152
1622	0.8387
1623	1.419
1624	1.026
1625	1.026
1626	1.494
1627	1.494
1628	1.494
1629	0.3223
1630	1.377
1631	0.4158
1632	0.3958
1633	0.3958
1634	0.3958
1635	1.229
1636	1.076
1637	0.966
1638	1.072
1639	0.7428
1640	0.7428
1641	1.254
1642	1.02
1643	1.366
1644	1.366
1645	0.4103
1646	0.7536
1647	0.7536
1648	1.692
1649	1.692
1650	1.692
1651	0.8782
1652	0.8782
1653	0.6849
1654	0.7739
1655	1.014
1656	0.4132
1657	1.254
1658	0.3967
1659	1.531
1660	1.531
1661	0.6792
1662	1.551
1663	1.551
1664	2.528
1665	2.528
1666	2.528
1667	1.154
1668	1.904
1669	1.348
1670	1.348
1671	1.912
1672	1.912
1673	1.912
1674	1.912
1675	1.912
1676	1.912
1677	1.912
1678	1.912
1679	1.912
1680	1.912
1681	2.354
1682	2.354
1683	2.354
1684	2.354
1685	2.354
1686	2.354
1687	2.354
1688	2.354
1689	2.354
1690	2.354
1691	1.795
1692	1.795
1693	1.3
1694	0.5921
1695	0.9256
1696	1.641
1697	1.229
1698	1.281
1699	1.281
1700	0.9866
1701	1.254
1702	1.61
1703	1.61
1704	0.3904
1705	1.014
1706	0.8994
1707	0.5257
1708	0.601
1709	0.601
1710	0.7631
1711	0.7415
1712	0.879
1713	0.773
1714	0.773
1715	1.325
1716	1.325
1717	1.487
1718	1.487
1719	1.487
1720	1.073
1721	0.7213
1722	0.9447
1723	0.7143
1724	1.208
1725	1.604
1726	0.9289
1727	0.9289
1728	0.9289
1729	0.9289
1730	0.9289
1731	0.8458
1732	0.8458
1733	0.4869
1734	0.9318
1735	1.074
1736	0.8219
1737	1.318
1738	1.318
1739	1.257
1740	1.014
1741	0.3407
1742	0.6027
1743	0.8377
1744	0.7418
1745	0.7072
1746	0.7489
1747	0.3685
1748	0.3685
1749	1.009
1750	1.009
1751	0.5237
1752	0.7486
1753	0.7769
1754	1.205
1755	1.205
1756	1.496
1757	1.344
1758	1.545
1759	1.109
1760	0.5043
1761	1.21
1762	1.21
1763	1.21
1764	0.8698
1765	1.116
1766	1.116
1767	1.116
1768	1.116
1769	0.7809
1770	0.3788
1771	0.4829
1772	0.4076
1773	0.6614
1774	1.234
1775	1.234
1776	0.5736
1777	0.5736
1778	1.098
1779	1.098
1780	1.098
1781	1.514
1782	1.514
1783	1.126
1784	1.126
1785	1.126
1786	0.5606
1787	0.1459
1788	0.5553
1789	0.5553
1790	0.7701
1791	0.731
1792	0.8595
1793	1.799
1794	1.27
1795	1.27
1796	0.484
1797	1.234
1798	0.6456
1799	0.8234
1800	0.6962
1801	0.5733
1802	0.5733
1803	0.5733
1804	1.682
1805	1.698
1806	1.698
1807	1.698
1808	1.698
1809	1.698
1810	1.698
1811	1.634
1812	0.9035
1813	1.713
1814	0.7291
1815	0.7291
1816	0.3399
1817	1.049
1818	1.139
1819	1.086
1820	1.086
1821	1.026
1822	0.7936
1823	0.7936
1824	0.8297
1825	0.2717
1826	0.2717
1827	0.4058
1828	0.4084
1829	0.6163
1830	1.516
1831	1.093
1832	0.4812
1833	0.6394
1834	0.5487
1835	0.7399
1836	1.22
1837	0.579
1838	0.5113
1839	1.06
1840	1.477
1841	0.5971
1842	0.5971
1843	0.5971
1844	1.357
1845	1.357
1846	1.195
1847	1.37
1848	1.591
1849	1.349
1850	1.022
1851	0.7346
1852	0.7346
1853	0.7752
1854	0.8419
1855	1.081
1856	1.311
1857	0.7448
1858	0.9576
1859	2.018
1860	2.018
1861	1.805
1862	1.805
1863	1.805
1864	1.805
1865	1.623
1866	1.623
1867	0.8197
1868	0.7949
1869	0.9293
1870	0.8235
1871	0.8562
1872	0.7692
1873	0.2119
1874	1.569
1875	1.569
1876	1.569
1877	1.226
1878	1.226
1879	1.621
1880	0.7852
1881	1.306
1882	1.306
1883	1.507
1884	1.006
1885	0.7909
1886	0.5857
1887	0.8435
1888	0.9768
1889	1.065
1890	0.4616
1891	1.084
1892	0.6403
1893	1.114
1894	0.488
1895	1.107
1896	1.172
1897	1.172
1898	0.36
1899	0.6441
1900	0.6441
1901	0.7636
1902	0.9085
1903	0.9085
1904	1.687
1905	0.9005
1906	1.022
1907	1.022
1908	0.4815
1909	0.9028
1910	0.6098
1911	0.8473
1912	0.8011
1913	2.183
1914	0.7684
1915	1.57
1916	0.9536
1917	0.9536
1918	0.5603
1919	0.5603
1920	1.1
1921	1.044
1922	1.261
1923	0.4232
1924	1.521
1925	1.039
1926	0.4132
1927	0.1269
1928	0.944
1929	0.944
1930	0.944
1931	0.6243
1932	0.7233
1933	0.5033
1934	0.6832
1935	0.9969
1936	0.9969
1937	0.9969
1938	1.712
1939	1.676
1940	0.5535
1941	0.4094
1942	0.009739
1943	0.009739
1944	0.4803
1945	0.8653
1946	0.82
1947	0.7503
1948	1.051
1949	0.6244
1950	1.037
1951	0.5861
1952	0.8085
1953	0.5594
1954	1.323
1955	1.16
1956	1.282
1957	0.2308
1958	0.9199
1959	1.217
1960	0.8571
1961	0.6462
1962	0.6462
1963	0.6462
1964	1.178
1965	1.178
1966	1.178
1967	1.367
1968	1.367
1969	1.367
1970	1.367
1971	0.8436
1972	1.576
1973	0.6394
1974	0.5974
1975	0.5974
1976	0.5974
1977	0.5974
1978	0.5974
1979	0.5974
1980	1.334
1981	1.216
1982	0.2006
1983	0.4398
1984	0.9325
1985	0.3461
1986	0.1243
1987	0.8935
1988	1.202
1989	1.243
1990	1.609
1991	1.962
1992	1.962
1993	0.4028
1994	0.4028
1995	0.9157
1996	0.9157
1997	0.8218
1998	0.8337
1999	1.325
2000	1.325
2001	1.188
2002	1.188
2003	0.9676
2004	1.942
2005	1.942
2006	1.942
2007	1.602
2008	1.602
2009	1.194
2010	1.097
2011	1.276
2012	0.5098
2013	0.6663
2014	0.8303
2015	0.7625
2016	0.7625
2017	0.7525
2018	0.9867
2019	0.8725
2020	0.1536
2021	0.2534
2022	0.6862
2023	0.9328
2024	1.525
2025	1.525
2026	0.7818
2027	0.7818
2028	0.7818
2029	0.7436
2030	0.4819
2031	0.5605
2032	1.076
2033	1.662
2034	0.5013
2035	0.8385
2036	0.836
2037	0.5874
2038	0.5933
2039	1.549
2040	1.549
2041	0.81
2042	0.5804
2043	0.5804
2044	0.9924
2045	0.4277
2046	1.127
2047	1.808
2048	1.02
2049	1.02
2050	0.6367
2051	0.3961
2052	0.9354
2053	0.7375
2054	1.156
2055	0.9408
2056	0.9408
2057	0.7552
2058	0.9324
2059	0.6114
2060	0.6591
2061	0.5895
2062	0.5895
2063	-0.05203
2064	0.2516
2065	0.2516
2066	0.5968
2067	1.243
2068	0.5662
2069	1.019
2070	0.8856
2071	1.117
2072	1.352
2073	0.774
2074	1.006
2075	1.006
2076	2.036
2077	2.036
2078	2.036
2079	2.036
2080	2.036
2081	1.35
2082	1.381
2083	1.381
2084	1.381
2085	1.381
2086	1.05
2087	0.5589
2088	0.5589
2089	0.5689
2090	1.014
2091	0.5872
2092	1.308
2093	1.058
2094	1.058
2095	1.414
2096	0.731
2097	0.731
2098	0.965
2099	1.19
2100	0.849
2101	0.6474
2102	0.6474
2103	1.996
2104	1.996
2105	1.996
2106	0.9938
2107	0.9938
2108	0.9938
2109	0.9938
2110	0.9938
2111	1.11
2112	0.9988
2113	0.7628
2114	1.183
2115	0.7353
2116	0.7353
2117	1.136
2118	0.4948
2119	0.3472
2120	0.3472
2121	0.3372
2122	0.9759
2123	0.9759
2124	0.9424
2125	1.358
2126	1.649
2127	1.649
2128	1.649
2129	1.649
2130	0.9796
2131	1.111
2132	0.9212
2133	0.5272
2134	0.5272
2135	1.416
2136	0.7204
2137	0.7204
2138	0.4544
2139	1.176
2140	1.018
2141	0.8069
2142	0.6219
2143	0.6269
2144	0.4493
2145	0.4013
2146	0.4013
2147	0.3591
2148	0.7497
2149	0.1755
2150	0.594
2151	1.646
2152	0.8335
2153	0.8335
2154	0.8335
2155	0.8335
2156	0.8335
2157	0.8335
2158	0.8335
2159	0.9275
2160	0.9275
2161	1.424
2162	1.424
2163	1.024
2164	0.363
2165	1.418
2166	1.418
2167	1.418
2168	1.418
2169	1.418
2170	1.784
2171	1.024
2172	1.024
2173	1.024
2174	1.024
2175	0.6393
2176	0.7831
2177	1.049
2178	1.571
2179	1.571
2180	1.571
2181	1.156
2182	0.86
2183	1.574
2184	1.143
2185	1.143
2186	0.5734
2187	1.648
2188	1.876
2189	1.876
2190	1.876
2191	1.135
2192	0.621
2193	0.621
2194	0.621
2195	0.621
2196	0.621
2197	0.7493
2198	0.188
2199	0.8612
2200	1.69
2201	0.8965
2202	1.197
2203	0.6539
2204	1.143
2205	1.123
2206	-0.08886
2207	0.4475
2208	1.026
2209	0.8531
2210	1.089
2211	1.762
2212	1.029
2213	0.6398
2214	0.5768
2215	0.7162
2216	1.197
2217	1.149
2218	0.7192
2219	1.835
2220	0.9022
2221	0.9657
2222	0.4941
2223	0.4941
2224	0.4263
2225	0.7093
2226	1.25
2227	1.293
2228	0.4452
2229	1.109
2230	1.183
2231	0.8375
2232	0.8375
2233	1.174
2234	0.7561
2235	1.086
2236	2.473
2237	2.473
2238	2.473
2239	2.473
2240	2.473
2241	2.102
2242	2.102
2243	2.102
2244	2.102
2245	2.102
2246	2.102
2247	0.6137
2248	1.128
2249	1.128
2250	0.007333
2251	-0.2691
2252	-0.2691
2253	0.3239
2254	0.3839
2255	0.2668
2256	0.2668
2257	0.11
2258	0.7878
2259	0.3422
2260	0.593
2261	0.3674
2262	0.5942
2263	0.7748
2264	0.9462
2265	0.9015
2266	1.04
2267	1.04
2268	0.6618
2269	1.352
2270	0.9747
2271	0.2016
2272	0.5291
2273	1.039
2274	0.9613
2275	0.546
2276	0.7826
2277	0.9011
2278	0.9963
2279	0.9963
2280	1.435
2281	0.365
2282	0.3623
2283	0.5463
2284	1.023
2285	1.84
2286	0.3762
2287	0.3762
2288	0.8148
2289	0.6215
2290	0.182
2291	0.4663
2292	0.4663
2293	0.4663
2294	0.4663
2295	0.4663
2296	0.4663
2297	0.4663
2298	0.4663
2299	0.4663
2300	0.4663
2301	1.799
2302	1.799
2303	1.799
2304	1.799
2305	1.021
2306	1.402
2307	1.411
2308	1.411
2309	0.9776
2310	1.468
2311	0.7307
2312	0.9178
2313	0.5545
2314	1.293
2315	1.094
2316	1.094
2317	1.172
2318	1.172
2319	1.172
2320	1.172
2321	2.157
2322	2.157
2323	2.157
2324	2.157
2325	2.157
2326	0.5209
2327	0.8434
2328	1.03
2329	0.534
2330	0.534
2331	0.8629
2332	0.5455
2333	0.9148
2334	1.288
2335	1.288
2336	1.288
2337	1.288
2338	1.41
2339	0.768
2340	0.6031
2341	0.7982
2342	1.141
2343	1.141
2344	1.005
2345	1.005
2346	1.331
2347	1.516
2348	0.5686
2349	0.9743
2350	0.9286
2351	0.8876
2352	0.8876
2353	0.8876
2354	0.8876
2355	0.8876
2356	0.8876
2357	0.8876
2358	0.8876
2359	0.8876
2360	1.766
2361	1.436
2362	1.436
2363	1.436
2364	1.436
2365	0.8237
2366	0.5598
2367	0.8873
2368	0.7385
2369	1.585
2370	1.585
2371	0.7482
2372	0.4076
2373	0.9825
2374	0.9825
2375	1.376
2376	0.6977
2377	0.8001
2378	0.8001
2379	0.7503
2380	0.5884
2381	0.7091
2382	1.189
2383	0.9009
2384	0.9009
2385	1.926
2386	1.926
2387	0.5474
2388	0.5474
2389	0.4947
2390	0.4947
2391	0.388
2392	1.226
2393	0.9364
2394	0.8066
2395	0.6276
2396	0.4135
2397	0.1091
2398	0.1091
2399	0.6424
2400	1.142
2401	0.8318
2402	0.6545
2403	1.386
2404	0.8156
2405	0.4278
2406	1.785
2407	1.785
2408	1.055
2409	1.055
2410	1.182
2411	1.352
2412	0.3209
2413	1.323
2414	0.961
2415	0.4504
2416	0.9702
2417	1.141
2418	1.254
2419	1.715
2420	1.715
2421	1.087
2422	0.9812
2423	0.4623
2424	0.3922
2425	0.3922
2426	0.7365
2427	0.9967
2428	0.9967
2429	0.9967
2430	0.9967
2431	1.453
2432	0.8607
2433	0.8607
2434	0.7803
2435	1.604
2436	0.3872
2437	1.177
2438	0.9349
2439	0.9349
2440	0.9349
2441	1.151
2442	1.017
2443	1.257
2444	0.9141
2445	0.3057
2446	0.6361
2447	0.6361
2448	0.7894
2449	0.7894
2450	0.6082
2451	0.8765
2452	0.6384
2453	1.114
2454	0.5198
2455	0.7392
2456	1.067
2457	2.208
2458	2.208
2459	2.208
2460	2.208
2461	0.3508
2462	0.843
2463	1.319
2464	1.319
2465	1.319
2466	0.7769
2467	0.7769
2468	0.08538
2469	0.08538
2470	0.711
2471	0.8172
2472	0.8966
2473	1.288
2474	1.288
2475	0.8848
2476	0.3428
2477	1.252
2478	0.3911
2479	0.4589
2480	0.3054
2481	0.5776
2482	0.2902
2483	0.7139
2484	0.2433
2485	0.475
2486	0.757
2487	0.757
2488	1.146
2489	1.146
2490	0.8292
2491	0.3028
2492	0.3285
2493	0.7093
2494	0.7093
2495	0.7093
2496	0.9942
2497	1.357
2498	1.357
2499	1.262
2500	1.124
1251	7.046
1252	7.062
1253	7.178
1254	6.208
1255	10.21
1256	10.21
1257	10.21
1258	8.531
1259	10.03
1260	10.03
1261	12.54
1262	12.54
1263	6.918
1264	6.685
1265	6.816
1266	6.472
1267	6.642
1268	9.099
1269	9.099
1270	9.099
1271	7.5
1272	7.203
1273	9.83
1274	9.83
1275	8.193
1276	11.75
1277	11.75
1278	11.75
1279	11.75
1280	11.75
1281	10.51
1282	10.51
1283	7.444
1284	7.515
1285	6.063
1286	6.063
1287	5.431
1288	6.37
1289	7.639
1290	9.922
1291	9.702
1292	9.702
1293	8.594
1294	7.249
1295	12.9
1296	12.9
1297	12.9
1298	12.9
1299	12.9
1300	7.604
1301	8.524
1302	8.524
1303	9.538
1304	5.964
1305	5.684
1306	7.897
1307	8.12
1308	10.59
1309	6.84
1310	9.558
1311	8.723
1312	7.883
1313	6.915
1314	6.915
1315	8.086
1316	5.5
1317	6.428
1318	5.55
1319	8.096
1320	7.319
1321	9.839
1322	13.62
1323	13.62
1324	13.62
1325	13.62
1326	13.62
1327	13.62
1328	13.62
1329	13.62
1330	13.62
1331	11.88
1332	11.88
1333	11.88
1334	11.88
1335	7.74
1336	9.034
1337	8.739
1338	8.739
1339	8.739
1340	7.826
1341	10.75
1342	10.75
1343	10.25
1344	6.979
1345	8.604
1346	8.604
1347	8.604
1348	8.604
1349	9.324
1350	8.87
1351	5.536
1352	5.536
1353	5.431
1354	7.499
1355	5.868
1356	5.352
1357	7.368
1358	6.759
1359	7.521
1360	5.886
1361	6.819
1362	7.118
1363	7.245
1364	7.077
1365	7.077
1366	6.099
1367	9.868
1368	9.407
1369	9.407
1370	8.963
1371	8.605
1372	8.586
1373	10.91
1374	10.91
1375	10.49
1376	7.672
1377	8.549
1378	8.549
1379	8.549
1380	6.089
1381	10.0
1382	10.0
1383	11.85
1384	11.85
1385	11.85
1386	11.85
1387	11.85
1388	12.95
1389	12.95
1390	12.95
1391	7.558
1392	9.333
1393	10.62
1394	8.549
1395	9.0
1396	6.249
1397	8.024
1398	6.447
1399	12.91
1400	9.457
1401	9.475
1402	9.475
1403	6.601
1404	7.152
1405	8.334
1406	8.334
1407	8.334
1408	6.92
1409	5.514
1410	8.58
1411	10.38
1412	9.416
1413	7.853
1414	9.799
1415	9.799
1416	6.616
1417	10.62
1418	10.62
1419	10.35
1420	6.803
1421	7.933
1422	8.022
1423	8.667
1424	7.622
1425	9.33
1426	8.875
1427	8.843
1428	7.979
1429	7.979
1430	7.979
1431	8.722
1432	5.637
1433	6.066
1434	7.389
1435	9.071
1436	9.071
1437	10.32
1438	6.712
1439	8.662
1440	8.662
1441	9.205
1442	9.205
1443	9.309
1444	6.756
1445	6.756
1446	7.924
1447	5.793
1448	7.472
1449	5.13
1450	5.13
1451	6.827
1452	5.156
1453	7.46
1454	5.692
1455	4.321
1456	4.755
1457	4.755
1458	4.755
1459	5.239
1460	6.442
1461	11.22
1462	10.04
1463	10.04
1464	9.802
1465	7.518
1466	7.552
1467	7.659
1468	5.416
1469	8.819
1470	12.09
1471	11.58
1472	8.549
1473	10.52
1474	10.52
1475	10.52
1476	10.52
1477	10.52
1478	10.52
1479	10.6
1480	7.59
1481	3.824
1482	6.308
1483	5.951
1484	5.041
1485	6.178
1486	7.873
1487	7.754
1488	7.369
1489	8.38
1490	7.136
1491	7.385
1492	5.388
1493	7.245
1494	11.31
1495	11.31
1496	9.334
1497	9.334
1498	7.902
1499	11.02
1500	11.02
1501	11.06
1502	11.06
1503	11.06
1504	11.06
1505	11.06
1506	11.06
1507	11.06
1508	11.06
1509	11.06
1510	11.06
1511	10.0
1512	10.97
1513	6.187
1514	7.334
1515	8.898
1516	8.248
1517	7.689
1518	6.739
1519	7.253
1520	4.664
1521	5.694
1522	7.925
1523	7.925
1524	6.565
1525	4.897
1526	7.188
1527	5.981
1528	7.676
1529	9.75
1530	9.75
1531	5.676
1532	6.578
1533	7.749
1534	9.668
1535	6.666
1536	6.666
1537	6.666
1538	8.996
1539	11.54
1540	11.54
1541	6.405
1542	10.95
1543	8.823
1544	8.971
1545	8.971
1546	9.924
1547	7.108
1548	7.977
1549	8.076
1550	8.076
1551	6.719
1552	7.638
1553	5.194
1554	6.762
1555	6.925
1556	6.925
1557	7.74
1558	7.74
1559	9.369
1560	9.209
1561	8.383
1562	5.987
1563	4.724
1564	8.029
1565	8.029
1566	6.393
1567	5.221
1568	4.293
1569	6.759
1570	10.51
1571	10.74
1572	10.74
1573	7.192
1574	5.096
1575	7.401
1576	7.45
1577	6.959
1578	8.467
1579	6.735
1580	10.15
1581	9.717
1582	9.717
1583	9.717
1584	9.717
1585	9.717
1586	9.717
1587	9.717
1588	9.969
1589	7.61
1590	9.119
1591	8.856
1592	8.856
1593	8.856
1594	7.058
1595	8.941
1596	8.023
1597	5.724
1598	7.644
1599	9.658
1600	7.812
1601	10.14
1602	10.14
1603	9.096
1604	10.15
1605	9.147
1606	8.529
1607	8.529
1608	8.529
1609	8.529
1610	6.603
1611	5.981
1612	7.219
1613	8.486
1614	7.522
1615	7.368
1616	8.94
1617	6.435
1618	9.464
1619	9.464
1620	11.16
1621	9.742
1622	9.235
1623	9.437
1624	8.765
1625	8.765
1626	8.74
1627	8.74
1628	8.74
1629	5.833
1630	5.712
1631	8.388
1632	5.567
1633	5.567
1634	5.567
1635	7.16
1636	7.361
1637	8.09
1638	9.041
1639	8.202
1640	8.202
1641	9.99
1642	7.441
1643	7.571
1644	7.571
1645	7.451
1646	10.24
1647	10.24
1648	10.26
1649	10.26
1650	10.26
1651	6.695
1652	6.695
1653	7.05
1654	8.824
1655	5.557
1656	6.225
1657	8.096
1658	6.044
1659	6.996
1660	6.996
1661	5.797
1662	9.68
1663	9.68
1664	15.58
1665	15.58
1666	15.58
1667	9.68
1668	12.89
1669	11.08
1670	11.08
1671	18.14
1672	18.14
1673	18.14
1674	18.14
1675	18.14
1676	18.14
1677	18.14
1678	18.14
1679	18.14
1680	18.14
1681	18.15
1682	18.15
1683	18.15
1684	18.15
1685	18.15
1686	18.15
1687	18.15
1688	18.15
1689	18.15
1690	18.15
1691	11.41
1692	11.41
1693	9.344
1694	7.758
1695	7.147
1696	9.895
1697	10.87
1698	9.544
1699	9.544
1700	8.461
1701	9.493
1702	10.85
1703	10.85
1704	7.134
1705	6.833
1706	7.45
1707	6.728
1708	9.304
1709	9.304
1710	7.197
1711	9.479
1712	6.794
1713	9.39
1714	9.39
1715	8.534
1716	8.534
1717	11.51
1718	11.51
1719	11.51
1720	7.325
1721	6.245
1722	7.069
1723	8.263
1724	8.862
1725	14.2
1726	10.4
1727	10.4
1728	10.4
1729	10.4
1730	10.4
1731	9.378
1732	9.378
1733	7.064
1734	9.59
1735	7.294
1736	8.451
1737	9.13
1738	9.13
1739	9.389
1740	7.215
1741	6.413
1742	5.374
1743	6.303
1744	8.513
1745	5.295
1746	6.54
1747	3.908
1748	3.908
1749	6.203
1750	6.203
1751	8.855
1752	7.376
1753	7.274
1754	11.65
1755	11.65
1756	10.81
1757	8.399
1758	10.75
1759	8.233
1760	8.261
1761	11.51
1762	11.51
1763	11.51
1764	7.378
1765	9.379
1766	9.379
1767	9.379
1768	9.379
1769	10.67
1770	5.91
1771	7.885
1772	5.567
1773	8.38
1774	11.01
1775	11.01
1776	9.65
1777	9.65
1778	10.6
1779	10.6
1780	10.6
1781	10.5
1782	10.5
1783	10.65
1784	10.65
1785	10.65
1786	8.405
1787	6.929
1788	5.524
1789	5.524
1790	7.691
1791	6.806
1792	7.062
1793	9.447
1794	10.16
1795	10.16
1796	8.241
1797	7.485
1798	6.669
1799	7.744
1800	7.1
1801	8.782
1802	8.782
1803	8.782
1804	12.2
1805	12.79
1806	12.79
1807	12.79
1808	12.79
1809	12.79
1810	12.79
1811	10.54
1812	9.19
1813	9.593
1814	7.02
1815	7.02
1816	6.264
1817	7.059
1818	9.446
1819	8.824
1820	8.824
1821	6.999
1822	8.365
1823	8.365
1824	8.58
1825	5.257
1826	5.257
1827	5.487
1828	6.241
1829	6.6
1830	9.827
1831	6.581
1832	5.855
1833	7.326
1834	8.796
1835	6.3
1836	7.122
1837	6.945
1838	5.191
1839	8.827
1840	8.315
1841	9.626
1842	9.626
1843	9.626
1844	9.76
1845	9.76
1846	9.926
1847	9.589
1848	8.9
1849	9.447
1850	7.669
1851	7.059
1852	7.059
1853	6.103
1854	6.08
1855	7.116
1856	8.671
1857	9.945
1858	8.448
1859	11.01
1860	11.01
1861	12.97
1862	12.97
1863	12.97
1864	12.97
1865	12.47
1866	12.47
1867	8.615
1868	9.166
1869	7.974
1870	10.09
1871	7.894
1872	8.809
1873	7.62
1874	11.02
1875	11.02
1876	11.02
1877	8.96
1878	8.96
1879	9.536
1880	7.28
1881	8.104
1882	8.104
1883	8.714
1884	8.058
1885	5.534
1886	6.335
1887	6.706
1888	7.989
1889	7.285
1890	6.976
1891	6.175
1892	7.816
1893	5.479
1894	6.448
1895	8.604
1896	8.29
1897	8.29
1898	6.923
1899	6.787
1900	6.787
1901	8.002
1902	9.451
1903	9.451
1904	9.459
1905	9.089
1906	10.72
1907	10.72
1908	7.257
1909	8.711
1910	7.397
1911	7.15
1912	7.832
1913	14.03
1914	7.312
1915	10.9
1916	11.07
1917	11.07
1918	9.63
1919	9.63
1920	8.995
1921	10.65
1922	8.213
1923	7.418
1924	8.131
1925	7.868
1926	5.285
1927	5.172
1928	5.134
1929	5.134
1930	5.134
1931	7.573
1932	8.45
1933	6.594
1934	7.088
1935	11.01
1936	11.01
1937	11.01
1938	11.86
1939	12.56
1940	6.944
1941	4.385
1942	4.021
1943	4.021
1944	7.046
1945	6.517
1946	8.008
1947	7.448
1948	8.035
1949	6.5
1950	5.968
1951	5.943
1952	7.458
1953	6.458
1954	7.919
1955	7.692
1956	10.1
1957	6.56
1958	7.742
1959	9.044
1960	6.354
1961	9.292
1962	9.292
1963	9.292
1964	10.2
1965	10.2
1966	10.2
1967	12.16
1968	12.16
1969	12.16
1970	12.16
1971	9.643
1972	10.47
1973	10.81
1974	10.41
1975	10.41
1976	10.41
1977	10.41
1978	10.41
1979	7.847
1980	8.548
1981	8.439
1982	6.045
1983	4.608
1984	5.641
1985	4.804
1986	4.893
1987	3.83
1988	6.612
1989	9.141
1990	12.12
1991	10.67
1992	10.67
1993	7.288
1994	7.288
1995	8.392
1996	8.392
1997	7.854
1998	7.982
1999	11.63
2000	11.63
2001	8.248
2002	8.248
2003	9.68
2004	11.6
2005	11.6
2006	11.6
2007	10.01
2008	10.01
2009	6.741
2010	7.801
2011	9.058
2012	8.05
2013	8.262
2014	8.327
2015	6.798
2016	6.798
2017	6.229
2018	7.396
2019	6.391
2020	6.062
2021	4.605
2022	5.89
2023	6.792
2024	11.01
2025	11.01
2026	9.666
2027	9.666
2028	9.666
2029	7.004
2030	5.143
2031	6.89
2032	6.598
2033	11.64
2034	7.146
2035	7.606
2036	8.589
2037	4.998
2038	7.358
2039	10.61
2040	10.61
2041	10.76
2042	7.477
2043	7.477
2044	6.205
2045	7.182
2046	7.857
2047	12.65
2048	7.92
2049	7.92
2050	7.255
2051	5.679
2052	6.207
2053	7.964
2054	8.896
2055	8.095
2056	8.095
2057	6.721
2058	7.642
2059	4.913
2060	7.204
2061	8.68
2062	8.68
2063	6.441
2064	4.883
2065	4.883
2066	5.551
2067	7.612
2068	7.876
2069	8.951
2070	9.055
2071	8.052
2072	11.97
2073	9.31
2074	6.642
2075	6.642
2076	9.782
2077	9.782
2078	9.782
2079	9.782
2080	9.782
2081	8.786
2082	9.64
2083	9.64
2084	9.64
2085	9.64
2086	7.613
2087	5.203
2088	5.203
2089	6.58
2090	10.05
2091	5.883
2092	6.158
2093	8.158
2094	8.158
2095	11.04
2096	7.167
2097	7.167
2098	5.586
2099	8.279
2100	9.311
2101	8.653
2102	8.653
2103	12.37
2104	12.37
2105	12.37
2106	10.8
2107	10.8
2108	10.8
2109	10.8
2110	10.8
2111	9.341
2112	7.518
2113	5.175
2114	8.826
2115	8.431
2116	8.431
2117	6.008
2118	5.701
2119	5.759
2120	5.759
2121	7.24
2122	7.973
2123	7.973
2124	7.897
2125	8.283
2126	10.47
2127	10.47
2128	10.47
2129	10.47
2130	7.984
2131	11.39
2132	9.672
2133	7.761
2134	7.761
2135	9.956
2136	9.32
2137	9.32
2138	5.874
2139	7.684
2140	6.601
2141	8.396
2142	7.924
2143	5.597
2144	5.24
2145	5.501
2146	5.501
2147	7.15
2148	5.965
2149	8.363
2150	7.38
2151	12.78
2152	11.64
2153	11.64
2154	11.64
2155	11.64
2156	11.64
2157	11.64
2158	11.64
2159	11.41
2160	11.41
2161	13.0
2162	13.0
2163	10.23
2164	9.634
2165	9.292
2166	9.292
2167	9.292
2168	9.292
2169	9.292
2170	10.48
2171	8.437
2172	8.437
2173	8.437
2174	8.437
2175	7.123
2176	9.133
2177	8.042
2178	11.25
2179	11.25
2180	11.25
2181	8.25
2182	7.885
2183	11.02
2184	8.182
2185	8.182
2186	6.684
2187	11.24
2188	11.37
2189	11.37
2190	11.37
2191	11.35
2192	10.42
2193	10.42
2194	10.42
2195	10.42
2196	10.42
2197	8.545
2198	5.929
2199	7.259
2200	10.93
2201	10.08
2202	8.842
2203	8.872
2204	7.923
2205	6.631
2206	5.855
2207	7.571
2208	7.566
2209	6.352
2210	9.893
2211	12.73
2212	8.0
2213	5.478
2214	7.66
2215	6.756
2216	9.397
2217	8.996
2218	6.537
2219	7.757
2220	6.597
2221	6.975
2222	5.221
2223	5.221
2224	6.241
2225	7.279
2226	12.27
2227	10.08
2228	7.917
2229	7.618
2230	8.653
2231	10.44
2232	10.44
2233	9.539
2234	6.708
2235	10.02
2236	14.39
2237	14.39
2238	14.39
2239	14.39
2240	14.39
2241	11.66
2242	11.66
2243	11.66
2244	11.66
2245	11.66
2246	11.66
2247	6.725
2248	4.874
2249	4.874
2250	5.584
2251	3.891
2252	3.891
2253	4.664
2254	4.524
2255	4.15
2256	4.15
2257	4.814
2258	6.233
2259	5.482
2260	5.549
2261	5.724
2262	7.147
2263	6.984
2264	8.614
2265	6.847
2266	5.294
2267	5.294
2268	5.613
2269	9.577
2270	6.833
2271	7.965
2272	5.785
2273	8.763
2274	7.053
2275	7.812
2276	6.142
2277	8.116
2278	5.973
2279	5.973
2280	8.93
2281	4.499
2282	4.993
2283	5.866
2284	8.762
2285	12.03
2286	9.494
2287	9.494
2288	10.75
2289	8.776
2290	5.408
2291	11.81
2292	11.81
2293	11.81
2294	11.81
2295	11.81
2296	11.81
2297	11.81
2298	11.81
2299	11.81
2300	11.81
2301	13.38
2302	13.38
2303	13.38
2304	13.38
2305	9.895
2306	8.617
2307	9.282
2308	9.282
2309	7.351
2310	10.43
2311	9.693
2312	8.145
2313	6.262
2314	7.716
2315	10.02
2316	10.02
2317	12.6
2318	12.6
2319	12.6
2320	12.6
2321	13.15
2322	13.15
2323	13.15
2324	13.15
2325	13.15
2326	8.553
2327	7.575
2328	6.772
2329	7.196
2330	7.196
2331	7.068
2332	8.743
2333	7.692
2334	10.27
2335	10.27
2336	10.27
2337	10.27
2338	9.281
2339	7.979
2340	8.4
2341	6.474
2342	7.577
2343	7.577
2344	7.664
2345	7.664
2346	9.398
2347	8.196
2348	8.699
2349	9.717
2350	8.344
2351	12.66
2352	12.66
2353	12.66
2354	12.66
2355	12.66
2356	12.66
2357	12.66
2358	12.66
2359	12.66
2360	10.39
2361	11.84
2362	11.84
2363	11.84
2364	11.84
2365	9.913
2366	7.871
2367	5.266
2368	7.111
2369	8.582
2370	8.582
2371	7.636
2372	5.293
2373	6.789
2374	6.789
2375	9.237
2376	7.259
2377	9.626
2378	9.626
2379	8.603
2380	8.794
2381	7.464
2382	6.511
2383	10.13
2384	10.13
2385	10.11
2386	10.11
2387	9.96
2388	9.96
2389	7.71
2390	7.71
2391	7.065
2392	6.319
2393	8.608
2394	5.569
2395	6.82
2396	7.016
2397	6.111
2398	6.111
2399	5.316
2400	7.748
2401	9.71
2402	6.415
2403	7.446
2404	7.707
2405	7.238
2406	11.22
2407	11.22
2408	9.207
2409	9.207
2410	10.69
2411	10.34
2412	6.845
2413	10.34
2414	7.905
2415	5.996
2416	8.428
2417	9.874
2418	11.78
2419	9.184
2420	9.184
2421	7.341
2422	7.48
2423	7.92
2424	7.779
2425	7.779
2426	6.908
2427	12.46
2428	12.46
2429	12.46
2430	12.46
2431	9.853
2432	7.357
2433	7.357
2434	7.878
2435	8.632
2436	6.147
2437	8.082
2438	8.257
2439	8.257
2440	8.257
2441	7.877
2442	8.737
2443	8.552
2444	9.862
2445	7.262
2446	7.564
2447	7.564
2448	5.331
2449	5.331
2450	6.296
2451	9.431
2452	7.701
2453	8.012
2454	5.876
2455	5.265
2456	8.24
2457	11.13
2458	11.13
2459	11.13
2460	11.13
2461	3.458
2462	6.938
2463	9.56
2464	9.56
2465	9.56
2466	7.274
2467	7.274
2468	4.745
2469	4.745
2470	5.292
2471	8.489
2472	7.578
2473	9.141
2474	9.141
2475	7.1
2476	7.539
2477	6.375
2478	5.227
2479	5.523
2480	4.581
2481	5.642
2482	5.7
2483	6.064
2484	5.902
2485	8.23
2486	7.281
2487	7.281
2488	9.435
2489	9.435
2490	6.105
2491	5.931
2492	5.166
2493	8.879
2494	8.879
2495	8.879
2496	8.091
2497	7.2
2498	7.2
2499	11.2
2500	7.556
1251	8.55
1252	17.22
1253	8.601
1254	8.461
1255	8.549
1256	8.549
1257	8.549
1258	7.698
1259	8.047
1260	8.047
1261	10.76
1262	10.76
1263	7.361
1264	8.016
1265	8.988
1266	7.622
1267	7.627
1268	9.659
1269	9.659
1270	9.659
1271	7.259
1272	7.635
1273	8.001
1274	8.001
1275	7.177
1276	11.23
1277	11.23
1278	11.23
1279	11.23
1280	11.23
1281	10.51
1282	10.51
1283	7.501
1284	7.18
1285	7.98
1286	7.98
1287	11.75
1288	9.221
1289	7.904
1290	9.997
1291	7.697
1292	7.697
1293	7.402
1294	7.612
1295	10.75
1296	10.75
1297	10.75
1298	10.75
1299	10.75
1300	7.183
1301	7.273
1302	7.273
1303	9.971
1304	11.73
1305	11.4
1306	7.296
1307	7.824
1308	8.299
1309	9.642
1310	8.539
1311	9.251
1312	7.846
1313	9.932
1314	9.932
1315	15.46
1316	8.692
1317	10.87
1318	9.522
1319	7.498
1320	7.692
1321	8.487
1322	16.22
1323	16.22
1324	16.22
1325	16.22
1326	16.22
1327	16.22
1328	16.22
1329	16.22
1330	16.22
1331	14.0
1332	14.0
1333	14.0
1334	14.0
1335	8.507
1336	7.654
1337	8.698
1338	8.698
1339	8.698
1340	7.179
1341	9.433
1342	9.433
1343	8.346
1344	7.528
1345	7.358
1346	7.358
1347	7.358
1348	7.358
1349	7.784
1350	8.203
1351	8.695
1352	8.695
1353	8.803
1354	7.493
1355	8.518
1356	10.97
1357	10.16
1358	8.578
1359	7.889
1360	8.17
1361	7.409
1362	13.01
1363	7.275
1364	10.19
1365	10.19
1366	7.997
1367	10.47
1368	7.533
1369	7.533
1370	8.295
1371	7.762
1372	10.5
1373	9.515
1374	9.515
1375	8.757
1376	9.316
1377	7.315
1378	7.315
1379	7.315
1380	8.658
1381	10.52
1382	10.52
1383	9.92
1384	9.92
1385	9.92
1386	9.92
1387	9.92
1388	10.79
1389	10.79
1390	10.79
1391	8.929
1392	9.58
1393	8.601
1394	7.497
1395	7.377
1396	8.846
1397	11.01
1398	9.398
1399	11.14
1400	8.594
1401	8.211
1402	8.211
1403	8.071
1404	8.799
1405	7.411
1406	7.411
1407	7.411
1408	10.18
1409	9.832
1410	7.798
1411	8.301
1412	9.354
1413	7.152
1414	7.768
1415	7.768
1416	7.72
1417	8.381
1418	8.381
1419	8.571
1420	8.386
1421	7.887
1422	8.325
1423	7.544
1424	7.237
1425	9.594
1426	7.341
1427	7.433
1428	8.905
1429	8.905
1430	8.905
1431	7.364
1432	10.84
1433	7.999
1434	7.206
1435	7.579
1436	7.579
1437	10.01
1438	7.697
1439	7.503
1440	7.503
1441	10.06
1442	10.06
1443	7.606
1444	10.47
1445	10.47
1446	7.561
1447	8.897
1448	7.358
1449	14.07
1450	14.07
1451	7.548
1452	10.97
1453	7.188
1454	8.847
1455	11.72
1456	10.86
1457	10.86
1458	10.86
1459	10.47
1460	7.994
1461	10.99
1462	8.223
1463	8.223
1464	7.758
1465	7.208
1466	7.667
1467	8.663
1468	8.932
1469	7.326
1470	9.814
1471	9.966
1472	7.463
1473	10.36
1474	10.36
1475	10.36
1476	10.36
1477	10.36
1478	10.36
1479	8.595
1480	7.453
1481	14.01
1482	8.204
1483	8.095
1484	9.586
1485	8.776
1486	7.147
1487	9.652
1488	7.411
1489	7.207
1490	8.253
1491	7.243
1492	8.949
1493	13.23
1494	8.974
1495	8.974
1496	9.089
1497	9.089
1498	8.502
1499	8.667
1500	8.667
1501	10.93
1502	10.93
1503	10.93
1504	10.93
1505	10.93
1506	10.93
1507	10.93
1508	10.93
1509	10.93
1510	10.93
1511	8.087
1512	10.57
1513	8.317
1514	7.486
1515	9.135
1516	10.69
1517	7.224
1518	7.451
1519	12.74
1520	10.75
1521	8.591
1522	7.599
1523	7.599
1524	7.993
1525	15.23
1526	7.305
1527	8.406
1528	7.757
1529	9.567
1530	9.567
1531	8.781
1532	8.182
1533	8.651
1534	7.783
1535	14.45
1536	14.45
1537	14.45
1538	7.891
1539	9.496
1540	9.496
1541	8.489
1542	11.12
1543	7.977
1544	7.441
1545	7.441
1546	10.42
1547	7.293
1548	7.754
1549	7.768
1550	7.768
1551	8.041
1552	7.576
1553	11.68
1554	7.627
1555	7.489
1556	7.489
1557	7.421
1558	7.421
1559	10.97
1560	7.473
1561	7.37
1562	8.355
1563	10.27
1564	7.152
1565	7.152
1566	8.665
1567	9.178
1568	14.98
1569	9.205
1570	8.286
1571	12.65
1572	12.65
1573	7.327
1574	11.19
1575	9.008
1576	7.298
1577	7.8
1578	8.277
1579	8.625
1580	7.979
1581	8.281
1582	8.281
1583	8.281
1584	8.281
1585	8.281
1586	8.281
1587	8.281
1588	8.184
1589	7.597
1590	7.42
1591	8.007
1592	8.007
1593	8.007
1594	7.498
1595	7.366
1596	7.154
1597	8.846
1598	7.199
1599	8.792
1600	7.264
1601	10.94
1602	10.94
1603	9.226
1604	8.294
1605	7.582
1606	7.806
1607	7.806
1608	7.806
1609	7.806
1610	9.748
1611	8.216
1612	7.356
1613	7.224
1614	7.31
1615	8.344
1616	8.673
1617	7.666
1618	9.492
1619	9.492
1620	11.75
1621	7.715
1622	7.927
1623	8.497
1624	7.285
1625	7.285
1626	9.631
1627	9.631
1628	9.631
1629	8.82
1630	16.58
1631	9.803
1632	8.74
1633	8.74
1634	8.74
1635	9.568
1636	8.049
1637	7.195
1638	7.383
1639	7.453
1640	7.453
1641	7.924
1642	7.676
1643	10.18
1644	10.18
1645	8.724
1646	9.804
1647	9.804
1648	10.05
1649	10.05
1650	10.05
1651	7.861
1652	7.861
1653	7.339
1654	7.804
1655	11.56
1656	8.258
1657	8.38
1658	8.387
1659	14.06
1660	14.06
1661	8.472
1662	9.267
1663	9.267
1664	17.36
1665	17.36
1666	17.36
1667	7.683
1668	11.59
1669	8.722
1670	8.722
1671	19.72
1672	19.72
1673	19.72
1674	19.72
1675	19.72
1676	19.72
1677	19.72
1678	19.72
1679	19.72
1680	19.72
1681	19.75
1682	19.75
1683	19.75
1684	19.75
1685	19.75
1686	19.75
1687	19.75
1688	19.75
1689	19.75
1690	19.75
1691	10.51
1692	10.51
1693	7.936
1694	7.805
1695	7.562
1696	9.85
1697	8.566
1698	7.863
1699	7.863
1700	7.212
1701	7.781
1702	9.36
1703	9.36
1704	8.62
1705	8.386
1706	7.283
1707	7.75
1708	9.514
1709	9.514
1710	7.254
1711	8.728
1712	7.748
1713	8.422
1714	8.422
1715	8.46
1716	8.46
1717	9.225
1718	9.225
1719	9.225
1720	8.07
1721	7.919
1722	7.71
1723	7.597
1724	7.663
1725	12.62
1726	8.933
1727	8.933
1728	8.933
1729	8.933
1730	8.933
1731	8.045
1732	8.045
1733	7.978
1734	7.936
1735	8.113
1736	7.364
1737	8.061
1738	8.061
1739	7.781
1740	7.876
1741	8.638
1742	9.065
1743	8.238
1744	7.672
1745	9.699
1746	7.651
1747	13.27
1748	13.27
1749	9.585
1750	9.585
1751	9.495
1752	7.225
1753	7.231
1754	9.579
1755	9.579
1756	8.846
1757	8.728
1758	9.028
1759	7.508
1760	8.85
1761	9.36
1762	9.36
1763	9.36
1764	7.266
1765	7.527
1766	7.527
1767	7.527
1768	7.527
1769	10.34
1770	8.524
1771	8.593
1772	8.711
1773	7.938
1774	8.706
1775	8.706
1776	10.34
1777	10.34
1778	8.521
1779	8.521
1780	8.521
1781	8.851
1782	8.851
1783	8.507
1784	8.507
1785	8.507
1786	8.596
1787	10.72
1788	8.683
1789	8.683
1790	7.205
1791	7.422
1792	7.438
1793	12.04
1794	8.028
1795	8.028
1796	8.989
1797	9.028
1798	7.507
1799	7.158
1800	7.317
1801	8.977
1802	8.977
1803	8.977
1804	10.22
1805	10.76
1806	10.76
1807	10.76
1808	10.76
1809	10.76
1810	10.76
1811	9.52
1812	7.659
1813	10.83
1814	7.318
1815	7.318
1816	8.629
1817	8.272
1818	7.568
1819	7.353
1820	7.353
1821	8.216
1822	7.391
1823	7.391
1824	7.42
1825	9.519
1826	9.519
1827	8.809
1828	8.275
1829	7.569
1830	8.949
1831	9.471
1832	8.269
1833	7.431
1834	9.195
1835	7.895
1836	9.55
1837	7.573
1838	9.263
1839	7.323
1840	10.06
1841	10.08
1842	10.08
1843	10.08
1844	8.137
1845	8.137
1846	7.834
1847	8.2
1848	10.4
1849	8.128
1850	7.502
1851	7.303
1852	7.303
1853	8.291
1854	8.65
1855	8.404
1856	8.26
1857	9.39
1858	7.2
1859	12.75
1860	12.75
1861	11.23
1862	11.23
1863	11.23
1864	11.23
1865	10.3
1866	10.3
1867	7.471
1868	8.049
1869	7.169
1870	9.082
1871	7.148
1872	7.811
1873	10.86
1874	9.202
1875	9.202
1876	9.202
1877	7.708
1878	7.708
1879	9.961
1880	7.23
1881	8.761
1882	8.761
1883	9.79
1884	7.272
1885	9.573
1886	7.75
1887	7.721
1888	7.231
1889	8.075
1890	8.08
1891	10.39
1892	7.617
1893	13.18
1894	7.916
1895	7.398
1896	7.745
1897	7.745
1898	8.705
1899	7.461
1900	7.461
1901	7.296
1902	7.877
1903	7.877
1904	10.7
1905	7.586
1906	8.931
1907	8.931
1908	8.099
1909	7.336
1910	7.548
1911	7.351
1912	7.183
1913	13.89
1914	7.223
1915	9.17
1916	9.825
1917	9.825
1918	10.43
1919	10.43
1920	7.397
1921	8.763
1922	8.309
1923	8.599
1924	10.89
1925	7.44
1926	9.082
1927	10.45
1928	12.34
1929	12.34
1930	12.34
1931	7.559
1932	7.7
1933	7.839
1934	7.335
1935	9.484
1936	9.484
1937	9.484
1938	10.14
1939	10.5
1940	7.657
1941	11.35
1942	13.51
1943	13.51
1944	8.006
1945	8.042
1946	7.193
1947	7.219
1948	7.4
1949	7.614
1950	10.48
1951	8.106
1952	7.189
1953	7.721
1954	9.149
1955	8.186
1956	8.017
1957	9.535
1958	7.204
1959	7.665
1960	8.248
1961	9.132
1962	9.132
1963	9.132
1964	8.018
1965	8.018
1966	8.018
1967	9.902
1968	9.902
1969	9.902
1970	9.902
1971	8.359
1972	9.172
1973	11.93
1974	11.56
1975	11.56
1976	11.56
1977	11.56
1978	11.56
1979	7.839
1980	8.511
1981	7.871
1982	9.596
1983	10.66
1984	10.41
1985	10.09
1986	10.79
1987	19.32
1988	10.52
1989	7.744
1990	9.96
1991	12.44
1992	12.44
1993	8.644
1994	8.644
1995	7.197
1996	7.197
1997	7.165
1998	7.172
1999	9.296
2000	9.296
2001	7.849
2002	7.849
2003	7.914
2004	11.63
2005	11.63
2006	11.63
2007	9.468
2008	9.468
2009	10.12
2010	7.724
2011	7.89
2012	8.568
2013	7.81
2014	7.284
2015	7.455
2016	7.455
2017	8.023
2018	7.574
2019	8.266
2020	10.01
2021	10.74
2022	8.336
2023	7.981
2024	9.027
2025	9.027
2026	8.731
2027	8.731
2028	8.731
2029	7.324
2030	9.332
2031	7.631
2032	9.287
2033	9.822
2034	7.936
2035	7.167
2036	7.409
2037	9.943
2038	7.598
2039	9.028
2040	9.028
2041	10.27
2042	7.701
2043	7.701
2044	9.44
2045	8.392
2046	7.83
2047	11.0
2048	7.356
2049	7.356
2050	7.428
2051	8.628
2052	8.989
2053	7.348
2054	7.497
2055	7.169
2056	7.169
2057	7.504
2058	7.261
2059	10.3
2060	7.369
2061	8.72
2062	8.72
2063	12.68
2064	10.15
2065	10.15
2066	8.7
2067	8.912
2068	8.033
2069	7.34
2070	7.601
2071	7.637
2072	9.682
2073	8.319
2074	8.651
2075	8.651
2076	14.83
2077	14.83
2078	14.83
2079	14.83
2080	14.83
2081	8.427
2082	8.245
2083	8.245
2084	8.245
2085	8.245
2086	7.659
2087	9.329
2088	9.329
2089	7.656
2090	8.147
2091	8.181
2092	13.42
2093	7.371
2094	7.371
2095	8.764
2096	7.272
2097	7.272
2098	10.91
2099	7.84
2100	7.962
2101	8.297
2102	8.297
2103	12.0
2104	12.0
2105	12.0
2106	9.183
2107	9.183
2108	9.183
2109	9.183
2110	9.183
2111	7.509
2112	7.524
2113	10.42
2114	7.585
2115	7.635
2116	7.635
2117	11.5
2118	8.417
2119	8.744
2120	8.744
2121	9.128
2122	7.233
2123	7.233
2124	7.197
2125	8.968
2126	9.635
2127	9.635
2128	9.635
2129	9.635
2130	7.237
2131	9.526
2132	8.057
2133	8.175
2134	8.175
2135	8.382
2136	8.65
2137	8.65
2138	8.306
2139	8.303
2140	8.811
2141	7.372
2142	7.77
2143	8.685
2144	9.131
2145	8.802
2146	8.802
2147	8.871
2148	8.423
2149	12.6
2150	7.603
2151	10.65
2152	11.78
2153	11.78
2154	11.78
2155	11.78
2156	11.78
2157	11.78
2158	11.78
2159	10.58
2160	10.58
2161	11.02
2162	11.02
2163	8.32
2164	12.69
2165	8.558
2166	8.558
2167	8.558
2168	8.558
2169	8.558
2170	10.72
2171	7.248
2172	7.248
2173	7.248
2174	7.248
2175	7.413
2176	8.071
2177	7.39
2178	9.293
2179	9.293
2180	9.293
2181	7.693
2182	7.147
2183	9.221
2184	7.674
2185	7.674
2186	7.617
2187	9.618
2188	11.13
2189	11.13
2190	11.13
2191	9.379
2192	11.32
2193	11.32
2194	11.32
2195	11.32
2196	11.32
2197	7.667
2198	9.687
2199	7.312
2200	9.831
2201	8.649
2202	7.628
2203	8.511
2204	7.858
2205	9.646
2206	12.66
2207	8.553
2208	7.594
2209	8.231
2210	7.849
2211	10.89
2212	7.348
2213	8.957
2214	7.819
2215	7.446
2216	7.631
2217	7.482
2218	7.609
2219	16.97
2220	8.1
2221	7.912
2222	9.181
2223	9.181
2224	8.199
2225	7.278
2226	10.35
2227	8.023
2228	8.921
2229	7.952
2230	7.628
2231	9.524
2232	9.524
2233	7.638
2234	7.515
2235	7.961
2236	16.37
2237	16.37
2238	16.37
2239	16.37
2240	16.37
2241	13.18
2242	13.18
2243	13.18
2244	13.18
2245	13.18
2246	13.18
2247	7.524
2248	16.4
2249	16.4
2250	11.39
2251	16.73
2252	16.73
2253	10.46
2254	10.85
2255	12.1
2256	12.1
2257	11.0
2258	8.137
2259	8.993
2260	8.696
2261	8.688
2262	7.542
2263	7.35
2264	7.246
2265	7.774
2266	12.91
2267	12.91
2268	8.756
2269	8.124
2270	8.147
2271	11.53
2272	8.295
2273	7.292
2274	7.8
2275	8.101
2276	8.258
2277	7.154
2278	10.06
2279	10.06
2280	8.925
2281	10.91
2282	9.667
2283	8.194
2284	7.283
2285	10.87
2286	12.23
2287	12.23
2288	10.23
2289	8.612
2290	9.884
2291	16.53
2292	16.53
2293	16.53
2294	16.53
2295	16.53
2296	16.53
2297	16.53
2298	16.53
2299	16.53
2300	16.53
2301	11.6
2302	11.6
2303	11.6
2304	11.6
2305	7.976
2306	8.961
2307	8.515
2308	8.515
2309	7.577
2310	8.643
2311	9.104
2312	7.158
2313	7.836
2314	9.189
2315	7.952
2316	7.952
2317	11.26
2318	11.26
2319	11.26
2320	11.26
2321	13.36
2322	13.36
2323	13.36
2324	13.36
2325	13.36
2326	9.089
2327	7.174
2328	8.593
2329	7.795
2330	7.795
2331	7.442
2332	9.147
2333	7.212
2334	8.106
2335	8.106
2336	8.106
2337	8.106
2338	8.511
2339	7.277
2340	8.301
2341	7.845
2342	8.191
2343	8.191
2344	7.445
2345	7.445
2346	8.058
2347	10.7
2348	8.903
2349	7.93
2350	7.182
2351	13.49
2352	13.49
2353	13.49
2354	13.49
2355	13.49
2356	13.49
2357	13.49
2358	13.49
2359	13.49
2360	10.62
2361	9.479
2362	9.479
2363	9.479
2364	9.479
2365	8.821
2366	8.066
2367	11.2
2368	7.284
2369	10.83
2370	10.83
2371	7.231
2372	9.076
2373	8.256
2374	8.256
2375	8.33
2376	7.296
2377	8.57
2378	8.57
2379	7.71
2380	8.877
2381	7.282
2382	10.64
2383	8.704
2384	8.704
2385	12.68
2386	12.68
2387	11.18
2388	11.18
2389	8.343
2390	8.343
2391	8.591
2392	11.67
2393	7.25
2394	9.586
2395	7.474
2396	8.388
2397	10.46
2398	10.46
2399	9.332
2400	8.015
2401	8.503
2402	7.665
2403	10.68
2404	7.162
2405	8.428
2406	10.45
2407	10.45
2408	7.442
2409	7.442
2410	8.452
2411	8.254
2412	8.955
2413	8.197
2414	7.224
2415	8.227
2416	7.2
2417	7.796
2418	9.616
2419	11.4
2420	11.4
2421	8.136
2422	7.488
2423	8.787
2424	9.214
2425	9.214
2426	7.368
2427	12.13
2428	12.13
2429	12.13
2430	12.13
2431	8.566
2432	7.262
2433	7.262
2434	7.223
2435	10.97
2436	8.394
2437	7.913
2438	7.17
2439	7.17
2440	7.17
2441	7.94
2442	7.275
2443	8.022
2444	8.298
2445	9.43
2446	7.511
2447	7.511
2448	10.13
2449	10.13
2450	7.763
2451	7.975
2452	7.563
2453	7.652
2454	8.199
2455	9.976
2456	7.369
2457	15.08
2458	15.08
2459	15.08
2460	15.08
2461	15.82
2462	7.496
2463	7.993
2464	7.993
2465	7.993
2466	7.231
2467	7.231
2468	11.27
2469	11.27
2470	9.729
2471	7.398
2472	7.223
2473	7.919
2474	7.919
2475	7.474
2476	9.384
2477	11.84
2478	9.206
2479	8.678
2480	10.7
2481	8.514
2482	9.053
2483	8.145
2484	9.272
2485	9.05
2486	7.234
2487	7.234
2488	7.571
2489	7.571
2490	8.536
2491	8.889
2492	9.437
2493	8.181
2494	8.181
2495	8.181
2496	7.239
2497	10.9
2498	10.9
2499	8.878
2500	8.107
